Se1 -0.0322255806 1.0010070946 0.1308556719
Se2 -0.0322255806 1.0010070946 0.2239349354
Se1 0.0010070493 1.0312185763 0.1308556719
Se2 0.0010070493 1.0312185763 0.2239349354
Se1 -0.0352467287 0.9073515012 0.1308556719
Se2 -0.0352467287 0.9073515012 0.2239349354
Se1 -0.0020140988 0.9375629829 0.1308556719
Se2 -0.0020140988 0.9375629829 0.2239349354
Mo -0.0332326299 0.9697885635 0.1773953036
Se1 0.0312185311 0.9677744647 0.1308556719
Se2 0.0312185311 0.9677744647 0.2239349354
Mo 0.0000000000 1.0000000452 0.1773953036
Se1 0.0644511610 0.9979859464 0.1308556719
Se2 0.0644511610 0.9979859464 0.2239349354
Mo 0.0332326299 1.0302115269 0.1773953036
Se1 0.0976837909 1.0281974281 0.1308556719
Se2 0.0976837909 1.0281974281 0.2239349354
Se1 -0.0382678769 0.8136959079 0.1308556719
Se2 -0.0382678769 0.8136959079 0.2239349354
Se1 -0.0050352470 0.8439073896 0.1308556719
Se2 -0.0050352470 0.8439073896 0.2239349354
Mo -0.0362537781 0.8761329701 0.1773953036
Se1 0.0281973829 0.8741188713 0.1308556719
Se2 0.0281973829 0.8741188713 0.2239349354
Mo -0.0030211482 0.9063444518 0.1773953036
Se1 0.0614300128 0.9043303530 0.1308556719
Se2 0.0614300128 0.9043303530 0.2239349354
Mo 0.0302114817 0.9365559336 0.1773953036
Se1 0.0946626427 0.9345418348 0.1308556719
Se2 0.0946626427 0.9345418348 0.2239349354
Mo 0.0634441116 0.9667674153 0.1773953036
Se1 0.1278952726 0.9647533165 0.1308556719
Se2 0.1278952726 0.9647533165 0.2239349354
Mo 0.0966767415 0.9969788970 0.1773953036
Se1 0.1611279025 0.9949647982 0.1308556719
Se2 0.1611279025 0.9949647982 0.2239349354
Mo 0.1299093714 1.0271903787 0.1773953036
Se1 0.1943605324 1.0251762800 0.1308556719
Se2 0.1943605324 1.0251762800 0.2239349354
Se1 -0.0412890251 0.7200403145 0.1308556719
Se2 -0.0412890251 0.7200403145 0.2239349354
Se1 -0.0080563952 0.7502517962 0.1308556719
Se2 -0.0080563952 0.7502517962 0.2239349354
Mo -0.0392749262 0.7824773767 0.1773953036
Se1 0.0251762347 0.7804632780 0.1308556719
Se2 0.0251762347 0.7804632780 0.2239349354
Mo -0.0060422963 0.8126888585 0.1773953036
Se1 0.0584088646 0.8106747597 0.1308556719
Se2 0.0584088646 0.8106747597 0.2239349354
Mo 0.0271903336 0.8429003402 0.1773953036
Se1 0.0916414945 0.8408862414 0.1308556719
Se2 0.0916414945 0.8408862414 0.2239349354
Mo 0.0604229635 0.8731118219 0.1773953036
Se1 0.1248741244 0.8710977231 0.1308556719
Se2 0.1248741244 0.8710977231 0.2239349354
Mo 0.0936555934 0.9033233037 0.1773953036
Se1 0.1581067543 0.9013092049 0.1308556719
Se2 0.1581067543 0.9013092049 0.2239349354
Mo 0.1268882233 0.9335347854 0.1773953036
Se1 0.1913393842 0.9315206866 0.1308556719
Se2 0.1913393842 0.9315206866 0.2239349354
Mo 0.1601208532 0.9637462671 0.1773953036
Se1 0.2245720141 0.9617321683 0.1308556719
Se2 0.2245720141 0.9617321683 0.2239349354
Mo 0.1933534831 0.9939577488 0.1773953036
Se1 0.2578046440 0.9919436501 0.1308556719
Se2 0.2578046440 0.9919436501 0.2239349354
Mo 0.2265861130 1.0241692306 0.1773953036
Se1 0.2910372739 1.0221551318 0.1308556719
Se2 0.2910372739 1.0221551318 0.2239349354
Mo 0.2598187429 1.0543807123 0.1773953036
Se1 0.3242699038 1.0523666135 0.1308556719
Se2 0.3242699038 1.0523666135 0.2239349354
Se1 -0.0443101733 0.6263847212 0.1308556719
Se2 -0.0443101733 0.6263847212 0.2239349354
Se1 -0.0110775434 0.6565962029 0.1308556719
Se2 -0.0110775434 0.6565962029 0.2239349354
Mo -0.0422960744 0.6888217834 0.1773953036
Se1 0.0221550865 0.6868076846 0.1308556719
Se2 0.0221550865 0.6868076846 0.2239349354
Mo -0.0090634445 0.7190332651 0.1773953036
Se1 0.0553877164 0.7170191663 0.1308556719
Se2 0.0553877164 0.7170191663 0.2239349354
Mo 0.0241691854 0.7492447468 0.1773953036
Se1 0.0886203463 0.7472306481 0.1308556719
Se2 0.0886203463 0.7472306481 0.2239349354
Mo 0.0574018153 0.7794562286 0.1773953036
Se1 0.1218529762 0.7774421298 0.1308556719
Se2 0.1218529762 0.7774421298 0.2239349354
Mo 0.0906344452 0.8096677103 0.1773953036
Se1 0.1550856061 0.8076536115 0.1308556719
Se2 0.1550856061 0.8076536115 0.2239349354
Mo 0.1238670751 0.8398791920 0.1773953036
Se1 0.1883182360 0.8378650932 0.1308556719
Se2 0.1883182360 0.8378650932 0.2239349354
Mo 0.1570997050 0.8700906738 0.1773953036
Se1 0.2215508659 0.8680765750 0.1308556719
Se2 0.2215508659 0.8680765750 0.2239349354
Mo 0.1903323349 0.9003021555 0.1773953036
Se1 0.2547834958 0.8982880567 0.1308556719
Se2 0.2547834958 0.8982880567 0.2239349354
Mo 0.2235649648 0.9305136372 0.1773953036
Se1 0.2880161257 0.9284995384 0.1308556719
Se2 0.2880161257 0.9284995384 0.2239349354
Mo 0.2567975947 0.9607251189 0.1773953036
Se1 0.3212487556 0.9587110202 0.1308556719
Se2 0.3212487556 0.9587110202 0.2239349354
Mo 0.2900302246 0.9909366007 0.1773953036
Se1 0.3544813855 0.9889225019 0.1308556719
Se2 0.3544813855 0.9889225019 0.2239349354
Mo 0.3232628545 1.0211480824 0.1773953036
Se1 0.3877140154 1.0191339836 0.1308556719
Se2 0.3877140154 1.0191339836 0.2239349354
Mo 0.3564954844 1.0513595641 0.1773953036
Se1 0.4209466453 1.0493454653 0.1308556719
Se2 0.4209466453 1.0493454653 0.2239349354
Se1 -0.0473313214 0.5327291278 0.1308556719
Se2 -0.0473313214 0.5327291278 0.2239349354
Se1 -0.0140986915 0.5629406095 0.1308556719
Se2 -0.0140986915 0.5629406095 0.2239349354
Mo -0.0453172226 0.5951661900 0.1773953036
Se1 0.0191339384 0.5931520913 0.1308556719
Se2 0.0191339384 0.5931520913 0.2239349354
Mo -0.0120845927 0.6253776718 0.1773953036
Se1 0.0523665683 0.6233635730 0.1308556719
Se2 0.0523665683 0.6233635730 0.2239349354
Mo 0.0211480372 0.6555891535 0.1773953036
Se1 0.0855991982 0.6535750547 0.1308556719
Se2 0.0855991982 0.6535750547 0.2239349354
Mo 0.0543806671 0.6858006352 0.1773953036
Se1 0.1188318281 0.6837865364 0.1308556719
Se2 0.1188318281 0.6837865364 0.2239349354
Mo 0.0876132970 0.7160121169 0.1773953036
Se1 0.1520644580 0.7139980182 0.1308556719
Se2 0.1520644580 0.7139980182 0.2239349354
Mo 0.1208459269 0.7462235987 0.1773953036
Se1 0.1852970879 0.7442094999 0.1308556719
Se2 0.1852970879 0.7442094999 0.2239349354
Mo 0.1540785568 0.7764350804 0.1773953036
Se1 0.2185297178 0.7744209816 0.1308556719
Se2 0.2185297178 0.7744209816 0.2239349354
Mo 0.1873111867 0.8066465621 0.1773953036
Se1 0.2517623477 0.8046324633 0.1308556719
Se2 0.2517623477 0.8046324633 0.2239349354
Mo 0.2205438166 0.8368580439 0.1773953036
Se1 0.2849949776 0.8348439451 0.1308556719
Se2 0.2849949776 0.8348439451 0.2239349354
Mo 0.2537764465 0.8670695256 0.1773953036
Se1 0.3182276075 0.8650554268 0.1308556719
Se2 0.3182276075 0.8650554268 0.2239349354
Mo 0.2870090764 0.8972810073 0.1773953036
Se1 0.3514602374 0.8952669085 0.1308556719
Se2 0.3514602374 0.8952669085 0.2239349354
Mo 0.3202417063 0.9274924890 0.1773953036
Se1 0.3846928673 0.9254783903 0.1308556719
Se2 0.3846928673 0.9254783903 0.2239349354
Mo 0.3534743362 0.9577039708 0.1773953036
Se1 0.4179254972 0.9556898720 0.1308556719
Se2 0.4179254972 0.9556898720 0.2239349354
Mo 0.3867069661 0.9879154525 0.1773953036
Se1 0.4511581271 0.9859013537 0.1308556719
Se2 0.4511581271 0.9859013537 0.2239349354
Mo 0.4199395960 1.0181269342 0.1773953036
Se1 0.4843907570 1.0161128354 0.1308556719
Se2 0.4843907570 1.0161128354 0.2239349354
Mo 0.4531722259 1.0483384159 0.1773953036
Se1 0.5176233869 1.0463243172 0.1308556719
Se2 0.5176233869 1.0463243172 0.2239349354
Se1 -0.0503524696 0.4390735344 0.1308556719
Se2 -0.0503524696 0.4390735344 0.2239349354
Se1 -0.0171198397 0.4692850162 0.1308556719
Se2 -0.0171198397 0.4692850162 0.2239349354
Mo -0.0483383708 0.5015105967 0.1773953036
Se1 0.0161127902 0.4994964979 0.1308556719
Se2 0.0161127902 0.4994964979 0.2239349354
Mo -0.0151057409 0.5317220784 0.1773953036
Se1 0.0493454201 0.5297079796 0.1308556719
Se2 0.0493454201 0.5297079796 0.2239349354
Mo 0.0181268890 0.5619335601 0.1773953036
Se1 0.0825780500 0.5599194614 0.1308556719
Se2 0.0825780500 0.5599194614 0.2239349354
Mo 0.0513595189 0.5921450419 0.1773953036
Se1 0.1158106799 0.5901309431 0.1308556719
Se2 0.1158106799 0.5901309431 0.2239349354
Mo 0.0845921488 0.6223565236 0.1773953036
Se1 0.1490433098 0.6203424248 0.1308556719
Se2 0.1490433098 0.6203424248 0.2239349354
Mo 0.1178247787 0.6525680053 0.1773953036
Se1 0.1822759397 0.6505539065 0.1308556719
Se2 0.1822759397 0.6505539065 0.2239349354
Mo 0.1510574086 0.6827794870 0.1773953036
Se1 0.2155085696 0.6807653883 0.1308556719
Se2 0.2155085696 0.6807653883 0.2239349354
Mo 0.1842900385 0.7129909688 0.1773953036
Se1 0.2487411995 0.7109768700 0.1308556719
Se2 0.2487411995 0.7109768700 0.2239349354
Mo 0.2175226684 0.7432024505 0.1773953036
Se1 0.2819738294 0.7411883517 0.1308556719
Se2 0.2819738294 0.7411883517 0.2239349354
Mo 0.2507552983 0.7734139322 0.1773953036
Se1 0.3152064593 0.7713998334 0.1308556719
Se2 0.3152064593 0.7713998334 0.2239349354
Mo 0.2839879282 0.8036254140 0.1773953036
Se1 0.3484390892 0.8016113152 0.1308556719
Se2 0.3484390892 0.8016113152 0.2239349354
Mo 0.3172205581 0.8338368957 0.1773953036
Se1 0.3816717191 0.8318227969 0.1308556719
Se2 0.3816717191 0.8318227969 0.2239349354
Mo 0.3504531880 0.8640483774 0.1773953036
Se1 0.4149043490 0.8620342786 0.1308556719
Se2 0.4149043490 0.8620342786 0.2239349354
Mo 0.3836858179 0.8942598591 0.1773953036
Se1 0.4481369789 0.8922457604 0.1308556719
Se2 0.4481369789 0.8922457604 0.2239349354
Mo 0.4169184478 0.9244713409 0.1773953036
Se1 0.4813696088 0.9224572421 0.1308556719
Se2 0.4813696088 0.9224572421 0.2239349354
Mo 0.4501510777 0.9546828226 0.1773953036
Se1 0.5146022387 0.9526687238 0.1308556719
Se2 0.5146022387 0.9526687238 0.2239349354
Mo 0.4833837076 0.9848943043 0.1773953036
Se1 0.5478348686 0.9828802055 0.1308556719
Se2 0.5478348686 0.9828802055 0.2239349354
Mo 0.5166163375 1.0151057860 0.1773953036
Se1 0.5810674985 1.0130916873 0.1308556719
Se2 0.5810674985 1.0130916873 0.2239349354
Mo 0.5498489674 1.0453172678 0.1773953036
Se1 0.6143001284 1.0433031690 0.1308556719
Se2 0.6143001284 1.0433031690 0.2239349354
Se1 -0.0533736178 0.3454179411 0.1308556719
Se2 -0.0533736178 0.3454179411 0.2239349354
Se1 -0.0201409879 0.3756294228 0.1308556719
Se2 -0.0201409879 0.3756294228 0.2239349354
Mo -0.0513595189 0.4078550033 0.1773953036
Se1 0.0130916420 0.4058409045 0.1308556719
Se2 0.0130916420 0.4058409045 0.2239349354
Mo -0.0181268890 0.4380664851 0.1773953036
Se1 0.0463242719 0.4360523863 0.1308556719
Se2 0.0463242719 0.4360523863 0.2239349354
Mo 0.0151057409 0.4682779668 0.1773953036
Se1 0.0795569018 0.4662638680 0.1308556719
Se2 0.0795569018 0.4662638680 0.2239349354
Mo 0.0483383708 0.4984894485 0.1773953036
Se1 0.1127895317 0.4964753497 0.1308556719
Se2 0.1127895317 0.4964753497 0.2239349354
Mo 0.0815710007 0.5287009302 0.1773953036
Se1 0.1460221616 0.5266868315 0.1308556719
Se2 0.1460221616 0.5266868315 0.2239349354
Mo 0.1148036306 0.5589124120 0.1773953036
Se1 0.1792547915 0.5568983132 0.1308556719
Se2 0.1792547915 0.5568983132 0.2239349354
Mo 0.1480362605 0.5891238937 0.1773953036
Se1 0.2124874214 0.5871097949 0.1308556719
Se2 0.2124874214 0.5871097949 0.2239349354
Mo 0.1812688904 0.6193353754 0.1773953036
Se1 0.2457200513 0.6173212766 0.1308556719
Se2 0.2457200513 0.6173212766 0.2239349354
Mo 0.2145015203 0.6495468571 0.1773953036
Se1 0.2789526812 0.6475327584 0.1308556719
Se2 0.2789526812 0.6475327584 0.2239349354
Mo 0.2477341502 0.6797583389 0.1773953036
Se1 0.3121853111 0.6777442401 0.1308556719
Se2 0.3121853111 0.6777442401 0.2239349354
Mo 0.2809667801 0.7099698206 0.1773953036
Se1 0.3454179410 0.7079557218 0.1308556719
Se2 0.3454179410 0.7079557218 0.2239349354
Mo 0.3141994100 0.7401813023 0.1773953036
Se1 0.3786505709 0.7381672035 0.1308556719
Se2 0.3786505709 0.7381672035 0.2239349354
Mo 0.3474320399 0.7703927841 0.1773953036
Se1 0.4118832008 0.7683786853 0.1308556719
Se2 0.4118832008 0.7683786853 0.2239349354
Mo 0.3806646698 0.8006042658 0.1773953036
Se1 0.4451158307 0.7985901670 0.1308556719
Se2 0.4451158307 0.7985901670 0.2239349354
Mo 0.4138972997 0.8308157475 0.1773953036
Se1 0.4783484606 0.8288016487 0.1308556719
Se2 0.4783484606 0.8288016487 0.2239349354
Mo 0.4471299296 0.8610272292 0.1773953036
Se1 0.5115810905 0.8590131305 0.1308556719
Se2 0.5115810905 0.8590131305 0.2239349354
Mo 0.4803625595 0.8912387110 0.1773953036
Se1 0.5448137204 0.8892246122 0.1308556719
Se2 0.5448137204 0.8892246122 0.2239349354
Mo 0.5135951894 0.9214501927 0.1773953036
Se1 0.5780463503 0.9194360939 0.1308556719
Se2 0.5780463503 0.9194360939 0.2239349354
Mo 0.5468278193 0.9516616744 0.1773953036
Se1 0.6112789802 0.9496475756 0.1308556719
Se2 0.6112789802 0.9496475756 0.2239349354
Mo 0.5800604492 0.9818731561 0.1773953036
Se1 0.6445116101 0.9798590574 0.1308556719
Se2 0.6445116101 0.9798590574 0.2239349354
Mo 0.6132930791 1.0120846379 0.1773953036
Se1 0.6777442400 1.0100705391 0.1308556719
Se2 0.6777442400 1.0100705391 0.2239349354
Mo 0.6465257090 1.0422961196 0.1773953036
Se1 0.7109768699 1.0402820208 0.1308556719
Se2 0.7109768699 1.0402820208 0.2239349354
Se1 -0.0231621361 0.2819738295 0.1308556719
Se2 -0.0231621361 0.2819738295 0.2239349354
Mo -0.0543806671 0.3141994100 0.1773953036
Se1 0.0100704938 0.3121853112 0.1308556719
Se2 0.0100704938 0.3121853112 0.2239349354
Mo -0.0211480372 0.3444108917 0.1773953036
Se1 0.0433031237 0.3423967929 0.1308556719
Se2 0.0433031237 0.3423967929 0.2239349354
Mo 0.0120845927 0.3746223734 0.1773953036
Se1 0.0765357536 0.3726082746 0.1308556719
Se2 0.0765357536 0.3726082746 0.2239349354
Mo 0.0453172226 0.4048338552 0.1773953036
Se1 0.1097683835 0.4028197564 0.1308556719
Se2 0.1097683835 0.4028197564 0.2239349354
Mo 0.0785498525 0.4350453369 0.1773953036
Se1 0.1430010134 0.4330312381 0.1308556719
Se2 0.1430010134 0.4330312381 0.2239349354
Mo 0.1117824824 0.4652568186 0.1773953036
Se1 0.1762336433 0.4632427198 0.1308556719
Se2 0.1762336433 0.4632427198 0.2239349354
Mo 0.1450151123 0.4954683003 0.1773953036
Se1 0.2094662732 0.4934542016 0.1308556719
Se2 0.2094662732 0.4934542016 0.2239349354
Mo 0.1782477422 0.5256797821 0.1773953036
Se1 0.2426989031 0.5236656833 0.1308556719
Se2 0.2426989031 0.5236656833 0.2239349354
Mo 0.2114803721 0.5558912638 0.1773953036
Se1 0.2759315330 0.5538771650 0.1308556719
Se2 0.2759315330 0.5538771650 0.2239349354
Mo 0.2447130020 0.5861027455 0.1773953036
Se1 0.3091641629 0.5840886467 0.1308556719
Se2 0.3091641629 0.5840886467 0.2239349354
Mo 0.2779456319 0.6163142272 0.1773953036
Se1 0.3423967928 0.6143001285 0.1308556719
Se2 0.3423967928 0.6143001285 0.2239349354
Mo 0.3111782618 0.6465257090 0.1773953036
Se1 0.3756294227 0.6445116102 0.1308556719
Se2 0.3756294227 0.6445116102 0.2239349354
Mo 0.3444108917 0.6767371907 0.1773953036
Se1 0.4088620526 0.6747230919 0.1308556719
Se2 0.4088620526 0.6747230919 0.2239349354
Mo 0.3776435216 0.7069486724 0.1773953036
Se1 0.4420946825 0.7049345736 0.1308556719
Se2 0.4420946825 0.7049345736 0.2239349354
Mo 0.4108761515 0.7371601542 0.1773953036
Se1 0.4753273124 0.7351460554 0.1308556719
Se2 0.4753273124 0.7351460554 0.2239349354
Mo 0.4441087814 0.7673716359 0.1773953036
Se1 0.5085599424 0.7653575371 0.1308556719
Se2 0.5085599424 0.7653575371 0.2239349354
Mo 0.4773414113 0.7975831176 0.1773953036
Se1 0.5417925723 0.7955690188 0.1308556719
Se2 0.5417925723 0.7955690188 0.2239349354
Mo 0.5105740412 0.8277945993 0.1773953036
Se1 0.5750252022 0.8257805006 0.1308556719
Se2 0.5750252022 0.8257805006 0.2239349354
Mo 0.5438066711 0.8580060811 0.1773953036
Se1 0.6082578321 0.8559919823 0.1308556719
Se2 0.6082578321 0.8559919823 0.2239349354
Mo 0.5770393010 0.8882175628 0.1773953036
Se1 0.6414904620 0.8862034640 0.1308556719
Se2 0.6414904620 0.8862034640 0.2239349354
Mo 0.6102719309 0.9184290445 0.1773953036
Se1 0.6747230919 0.9164149457 0.1308556719
Se2 0.6747230919 0.9164149457 0.2239349354
Mo 0.6435045608 0.9486405262 0.1773953036
Se1 0.7079557218 0.9466264275 0.1308556719
Se2 0.7079557218 0.9466264275 0.2239349354
Mo 0.6767371907 0.9788520080 0.1773953036
Se1 0.7411883517 0.9768379092 0.1308556719
Se2 0.7411883517 0.9768379092 0.2239349354
Mo 0.7099698206 1.0090634897 0.1773953036
Se1 0.7744209816 1.0070493909 0.1308556719
Se2 0.7744209816 1.0070493909 0.2239349354
Mo 0.7432024505 1.0392749714 0.1773953036
Se1 0.8076536115 1.0372608727 0.1308556719
Se2 0.8076536115 1.0372608727 0.2239349354
Se1 -0.0261832842 0.1883182361 0.1308556719
Se2 -0.0261832842 0.1883182361 0.2239349354
Se1 0.0070493457 0.2185297178 0.1308556719
Se2 0.0070493457 0.2185297178 0.2239349354
Mo -0.0241691854 0.2507552983 0.1773953036
Se1 0.0402819756 0.2487411996 0.1308556719
Se2 0.0402819756 0.2487411996 0.2239349354
Mo 0.0090634445 0.2809667801 0.1773953036
Se1 0.0735146055 0.2789526813 0.1308556719
Se2 0.0735146055 0.2789526813 0.2239349354
Mo 0.0422960744 0.3111782618 0.1773953036
Se1 0.1067472354 0.3091641630 0.1308556719
Se2 0.1067472354 0.3091641630 0.2239349354
Mo 0.0755287043 0.3413897435 0.1773953036
Se1 0.1399798653 0.3393756447 0.1308556719
Se2 0.1399798653 0.3393756447 0.2239349354
Mo 0.1087613342 0.3716012252 0.1773953036
Se1 0.1732124952 0.3695871265 0.1308556719
Se2 0.1732124952 0.3695871265 0.2239349354
Mo 0.1419939641 0.4018127070 0.1773953036
Se1 0.2064451251 0.3997986082 0.1308556719
Se2 0.2064451251 0.3997986082 0.2239349354
Mo 0.1752265940 0.4320241887 0.1773953036
Se1 0.2396777550 0.4300100899 0.1308556719
Se2 0.2396777550 0.4300100899 0.2239349354
Mo 0.2084592239 0.4622356704 0.1773953036
Se1 0.2729103849 0.4602215717 0.1308556719
Se2 0.2729103849 0.4602215717 0.2239349354
Mo 0.2416918538 0.4924471522 0.1773953036
Se1 0.3061430148 0.4904330534 0.1308556719
Se2 0.3061430148 0.4904330534 0.2239349354
Mo 0.2749244837 0.5226586339 0.1773953036
Se1 0.3393756447 0.5206445351 0.1308556719
Se2 0.3393756447 0.5206445351 0.2239349354
Mo 0.3081571136 0.5528701156 0.1773953036
Se1 0.3726082746 0.5508560168 0.1308556719
Se2 0.3726082746 0.5508560168 0.2239349354
Mo 0.3413897435 0.5830815973 0.1773953036
Se1 0.4058409045 0.5810674986 0.1308556719
Se2 0.4058409045 0.5810674986 0.2239349354
Mo 0.3746223734 0.6132930791 0.1773953036
Se1 0.4390735344 0.6112789803 0.1308556719
Se2 0.4390735344 0.6112789803 0.2239349354
Mo 0.4078550033 0.6435045608 0.1773953036
Se1 0.4723061643 0.6414904620 0.1308556719
Se2 0.4723061643 0.6414904620 0.2239349354
Mo 0.4410876332 0.6737160425 0.1773953036
Se1 0.5055387942 0.6717019437 0.1308556719
Se2 0.5055387942 0.6717019437 0.2239349354
Mo 0.4743202631 0.7039275243 0.1773953036
Se1 0.5387714241 0.7019134255 0.1308556719
Se2 0.5387714241 0.7019134255 0.2239349354
Mo 0.5075528930 0.7341390060 0.1773953036
Se1 0.5720040540 0.7321249072 0.1308556719
Se2 0.5720040540 0.7321249072 0.2239349354
Mo 0.5407855229 0.7643504877 0.1773953036
Se1 0.6052366839 0.7623363889 0.1308556719
Se2 0.6052366839 0.7623363889 0.2239349354
Mo 0.5740181528 0.7945619694 0.1773953036
Se1 0.6384693138 0.7925478707 0.1308556719
Se2 0.6384693138 0.7925478707 0.2239349354
Mo 0.6072507827 0.8247734512 0.1773953036
Se1 0.6717019437 0.8227593524 0.1308556719
Se2 0.6717019437 0.8227593524 0.2239349354
Mo 0.6404834126 0.8549849329 0.1773953036
Se1 0.7049345736 0.8529708341 0.1308556719
Se2 0.7049345736 0.8529708341 0.2239349354
Mo 0.6737160425 0.8851964146 0.1773953036
Se1 0.7381672035 0.8831823158 0.1308556719
Se2 0.7381672035 0.8831823158 0.2239349354
Mo 0.7069486724 0.9154078963 0.1773953036
Se1 0.7713998334 0.9133937976 0.1308556719
Se2 0.7713998334 0.9133937976 0.2239349354
Mo 0.7401813023 0.9456193781 0.1773953036
Se1 0.8046324633 0.9436052793 0.1308556719
Se2 0.8046324633 0.9436052793 0.2239349354
Mo 0.7734139322 0.9758308598 0.1773953036
Se1 0.8378650932 0.9738167610 0.1308556719
Se2 0.8378650932 0.9738167610 0.2239349354
Mo 0.8066465621 1.0060423415 0.1773953036
Se1 0.8710977231 1.0040282427 0.1308556719
Se2 0.8710977231 1.0040282427 0.2239349354
Mo 0.8398791920 1.0362538233 0.1773953036
Se1 0.9043303530 1.0342397245 0.1308556719
Se2 0.9043303530 1.0342397245 0.2239349354
Se1 -0.0292044324 0.0946626427 0.1308556719
Se2 -0.0292044324 0.0946626427 0.2239349354
Se1 0.0040281975 0.1248741245 0.1308556719
Se2 0.0040281975 0.1248741245 0.2239349354
Mo -0.0271903336 0.1570997050 0.1773953036
Se1 0.0372608274 0.1550856062 0.1308556719
Se2 0.0372608274 0.1550856062 0.2239349354
Mo 0.0060422963 0.1873111867 0.1773953036
Se1 0.0704934573 0.1852970879 0.1308556719
Se2 0.0704934573 0.1852970879 0.2239349354
Mo 0.0392749262 0.2175226684 0.1773953036
Se1 0.1037260872 0.2155085697 0.1308556719
Se2 0.1037260872 0.2155085697 0.2239349354
Mo 0.0725075561 0.2477341502 0.1773953036
Se1 0.1369587171 0.2457200514 0.1308556719
Se2 0.1369587171 0.2457200514 0.2239349354
Mo 0.1057401860 0.2779456319 0.1773953036
Se1 0.1701913470 0.2759315331 0.1308556719
Se2 0.1701913470 0.2759315331 0.2239349354
Mo 0.1389728159 0.3081571136 0.1773953036
Se1 0.2034239769 0.3061430148 0.1308556719
Se2 0.2034239769 0.3061430148 0.2239349354
Mo 0.1722054458 0.3383685953 0.1773953036
Se1 0.2366566068 0.3363544966 0.1308556719
Se2 0.2366566068 0.3363544966 0.2239349354
Mo 0.2054380757 0.3685800771 0.1773953036
Se1 0.2698892367 0.3665659783 0.1308556719
Se2 0.2698892367 0.3665659783 0.2239349354
Mo 0.2386707056 0.3987915588 0.1773953036
Se1 0.3031218666 0.3967774600 0.1308556719
Se2 0.3031218666 0.3967774600 0.2239349354
Mo 0.2719033355 0.4290030405 0.1773953036
Se1 0.3363544965 0.4269889418 0.1308556719
Se2 0.3363544965 0.4269889418 0.2239349354
Mo 0.3051359654 0.4592145223 0.1773953036
Se1 0.3695871264 0.4572004235 0.1308556719
Se2 0.3695871264 0.4572004235 0.2239349354
Mo 0.3383685953 0.4894260040 0.1773953036
Se1 0.4028197563 0.4874119052 0.1308556719
Se2 0.4028197563 0.4874119052 0.2239349354
Mo 0.3716012252 0.5196374857 0.1773953036
Se1 0.4360523862 0.5176233869 0.1308556719
Se2 0.4360523862 0.5176233869 0.2239349354
Mo 0.4048338552 0.5498489674 0.1773953036
Se1 0.4692850161 0.5478348687 0.1308556719
Se2 0.4692850161 0.5478348687 0.2239349354
Mo 0.4380664851 0.5800604492 0.1773953036
Se1 0.5025176460 0.5780463504 0.1308556719
Se2 0.5025176460 0.5780463504 0.2239349354
Mo 0.4712991150 0.6102719309 0.1773953036
Se1 0.5357502759 0.6082578321 0.1308556719
Se2 0.5357502759 0.6082578321 0.2239349354
Mo 0.5045317449 0.6404834126 0.1773953036
Se1 0.5689829058 0.6384693138 0.1308556719
Se2 0.5689829058 0.6384693138 0.2239349354
Mo 0.5377643748 0.6706948944 0.1773953036
Se1 0.6022155357 0.6686807956 0.1308556719
Se2 0.6022155357 0.6686807956 0.2239349354
Mo 0.5709970047 0.7009063761 0.1773953036
Se1 0.6354481656 0.6988922773 0.1308556719
Se2 0.6354481656 0.6988922773 0.2239349354
Mo 0.6042296346 0.7311178578 0.1773953036
Se1 0.6686807955 0.7291037590 0.1308556719
Se2 0.6686807955 0.7291037590 0.2239349354
Mo 0.6374622645 0.7613293395 0.1773953036
Se1 0.7019134254 0.7593152408 0.1308556719
Se2 0.7019134254 0.7593152408 0.2239349354
Mo 0.6706948944 0.7915408213 0.1773953036
Se1 0.7351460553 0.7895267225 0.1308556719
Se2 0.7351460553 0.7895267225 0.2239349354
Mo 0.7039275243 0.8217523030 0.1773953036
Se1 0.7683786852 0.8197382042 0.1308556719
Se2 0.7683786852 0.8197382042 0.2239349354
Mo 0.7371601542 0.8519637847 0.1773953036
Se1 0.8016113151 0.8499496859 0.1308556719
Se2 0.8016113151 0.8499496859 0.2239349354
Mo 0.7703927841 0.8821752664 0.1773953036
Se1 0.8348439450 0.8801611677 0.1308556719
Se2 0.8348439450 0.8801611677 0.2239349354
Mo 0.8036254140 0.9123867482 0.1773953036
Se1 0.8680765749 0.9103726494 0.1308556719
Se2 0.8680765749 0.9103726494 0.2239349354
Mo 0.8368580439 0.9425982299 0.1773953036
Se1 0.9013092048 0.9405841311 0.1308556719
Se2 0.9013092048 0.9405841311 0.2239349354
Mo 0.8700906738 0.9728097116 0.1773953036
Se1 0.9345418347 0.9707956128 0.1308556719
Se2 0.9345418347 0.9707956128 0.2239349354
Mo 0.9033233037 1.0030211934 0.1773953036
Mo 0.9365559336 1.0332326751 0.1773953036
Mo -0.0302114817 0.0634441116 0.1773953036
Se1 0.0342396792 0.0614300128 0.1308556719
Se2 0.0342396792 0.0614300128 0.2239349354
Mo 0.0030211482 0.0936555934 0.1773953036
Se1 0.0674723091 0.0916414946 0.1308556719
Se2 0.0674723091 0.0916414946 0.2239349354
Mo 0.0362537781 0.1238670751 0.1773953036
Se1 0.1007049390 0.1218529763 0.1308556719
Se2 0.1007049390 0.1218529763 0.2239349354
Mo 0.0694864080 0.1540785568 0.1773953036
Se1 0.1339375689 0.1520644580 0.1308556719
Se2 0.1339375689 0.1520644580 0.2239349354
Mo 0.1027190379 0.1842900385 0.1773953036
Se1 0.1671701988 0.1822759398 0.1308556719
Se2 0.1671701988 0.1822759398 0.2239349354
Mo 0.1359516678 0.2145015203 0.1773953036
Se1 0.2004028287 0.2124874215 0.1308556719
Se2 0.2004028287 0.2124874215 0.2239349354
Mo 0.1691842977 0.2447130020 0.1773953036
Se1 0.2336354586 0.2426989032 0.1308556719
Se2 0.2336354586 0.2426989032 0.2239349354
Mo 0.2024169276 0.2749244837 0.1773953036
Se1 0.2668680885 0.2729103849 0.1308556719
Se2 0.2668680885 0.2729103849 0.2239349354
Mo 0.2356495575 0.3051359654 0.1773953036
Se1 0.3001007184 0.3031218667 0.1308556719
Se2 0.3001007184 0.3031218667 0.2239349354
Mo 0.2688821874 0.3353474472 0.1773953036
Se1 0.3333333483 0.3333333484 0.1308556719
Se2 0.3333333483 0.3333333484 0.2239349354
Mo 0.3021148173 0.3655589289 0.1773953036
Se1 0.3665659782 0.3635448301 0.1308556719
Se2 0.3665659782 0.3635448301 0.2239349354
Mo 0.3353474472 0.3957704106 0.1773953036
Se1 0.3997986081 0.3937563119 0.1308556719
Se2 0.3997986081 0.3937563119 0.2239349354
Mo 0.3685800771 0.4259818924 0.1773953036
Se1 0.4330312380 0.4239677936 0.1308556719
Se2 0.4330312380 0.4239677936 0.2239349354
Mo 0.4018127070 0.4561933741 0.1773953036
Se1 0.4662638679 0.4541792753 0.1308556719
Se2 0.4662638679 0.4541792753 0.2239349354
Mo 0.4350453369 0.4864048558 0.1773953036
Se1 0.4994964978 0.4843907570 0.1308556719
Se2 0.4994964978 0.4843907570 0.2239349354
Mo 0.4682779668 0.5166163375 0.1773953036
Se1 0.5327291277 0.5146022388 0.1308556719
Se2 0.5327291277 0.5146022388 0.2239349354
Mo 0.5015105967 0.5468278193 0.1773953036
Se1 0.5659617576 0.5448137205 0.1308556719
Se2 0.5659617576 0.5448137205 0.2239349354
Mo 0.5347432266 0.5770393010 0.1773953036
Se1 0.5991943875 0.5750252022 0.1308556719
Se2 0.5991943875 0.5750252022 0.2239349354
Mo 0.5679758565 0.6072507827 0.1773953036
Se1 0.6324270174 0.6052366839 0.1308556719
Se2 0.6324270174 0.6052366839 0.2239349354
Mo 0.6012084864 0.6374622645 0.1773953036
Se1 0.6656596473 0.6354481657 0.1308556719
Se2 0.6656596473 0.6354481657 0.2239349354
Mo 0.6344411163 0.6676737462 0.1773953036
Se1 0.6988922772 0.6656596474 0.1308556719
Se2 0.6988922772 0.6656596474 0.2239349354
Mo 0.6676737462 0.6978852279 0.1773953036
Se1 0.7321249071 0.6958711291 0.1308556719
Se2 0.7321249071 0.6958711291 0.2239349354
Mo 0.7009063761 0.7280967096 0.1773953036
Se1 0.7653575370 0.7260826109 0.1308556719
Se2 0.7653575370 0.7260826109 0.2239349354
Mo 0.7341390060 0.7583081914 0.1773953036
Se1 0.7985901669 0.7562940926 0.1308556719
Se2 0.7985901669 0.7562940926 0.2239349354
Mo 0.7673716359 0.7885196731 0.1773953036
Se1 0.8318227968 0.7865055743 0.1308556719
Se2 0.8318227968 0.7865055743 0.2239349354
Mo 0.8006042658 0.8187311548 0.1773953036
Se1 0.8650554267 0.8167170560 0.1308556719
Se2 0.8650554267 0.8167170560 0.2239349354
Mo 0.8338368957 0.8489426365 0.1773953036
Se1 0.8982880566 0.8469285378 0.1308556719
Se2 0.8982880566 0.8469285378 0.2239349354
Mo 0.8670695256 0.8791541183 0.1773953036
Se1 0.9315206865 0.8771400195 0.1308556719
Se2 0.9315206865 0.8771400195 0.2239349354
Mo 0.9003021555 0.9093656000 0.1773953036
Mo 0.9335347854 0.9395770817 0.1773953036
Mo 0.0664652598 0.0604229635 0.1773953036
Se1 0.1309164208 0.0584088647 0.1308556719
Se2 0.1309164208 0.0584088647 0.2239349354
Mo 0.0996978897 0.0906344452 0.1773953036
Se1 0.1641490507 0.0886203464 0.1308556719
Se2 0.1641490507 0.0886203464 0.2239349354
Mo 0.1329305196 0.1208459269 0.1773953036
Se1 0.1973816806 0.1188318281 0.1308556719
Se2 0.1973816806 0.1188318281 0.2239349354
Mo 0.1661631495 0.1510574086 0.1773953036
Se1 0.2306143105 0.1490433099 0.1308556719
Se2 0.2306143105 0.1490433099 0.2239349354
Mo 0.1993957794 0.1812688904 0.1773953036
Se1 0.2638469404 0.1792547916 0.1308556719
Se2 0.2638469404 0.1792547916 0.2239349354
Mo 0.2326284093 0.2114803721 0.1773953036
Se1 0.2970795703 0.2094662733 0.1308556719
Se2 0.2970795703 0.2094662733 0.2239349354
Mo 0.2658610392 0.2416918538 0.1773953036
Se1 0.3303122002 0.2396777550 0.1308556719
Se2 0.3303122002 0.2396777550 0.2239349354
Mo 0.2990936691 0.2719033355 0.1773953036
Se1 0.3635448301 0.2698892368 0.1308556719
Se2 0.3635448301 0.2698892368 0.2239349354
Mo 0.3323262990 0.3021148173 0.1773953036
Se1 0.3967774600 0.3001007185 0.1308556719
Se2 0.3967774600 0.3001007185 0.2239349354
Mo 0.3655589289 0.3323262990 0.1773953036
Se1 0.4300100899 0.3303122002 0.1308556719
Se2 0.4300100899 0.3303122002 0.2239349354
Mo 0.3987915588 0.3625377807 0.1773953036
Se1 0.4632427198 0.3605236820 0.1308556719
Se2 0.4632427198 0.3605236820 0.2239349354
Mo 0.4320241887 0.3927492625 0.1773953036
Se1 0.4964753497 0.3907351637 0.1308556719
Se2 0.4964753497 0.3907351637 0.2239349354
Mo 0.4652568186 0.4229607442 0.1773953036
Se1 0.5297079796 0.4209466454 0.1308556719
Se2 0.5297079796 0.4209466454 0.2239349354
Mo 0.4984894485 0.4531722259 0.1773953036
Se1 0.5629406095 0.4511581271 0.1308556719
Se2 0.5629406095 0.4511581271 0.2239349354
Mo 0.5317220784 0.4833837076 0.1773953036
Se1 0.5961732394 0.4813696089 0.1308556719
Se2 0.5961732394 0.4813696089 0.2239349354
Mo 0.5649547083 0.5135951894 0.1773953036
Se1 0.6294058693 0.5115810906 0.1308556719
Se2 0.6294058693 0.5115810906 0.2239349354
Mo 0.5981873382 0.5438066711 0.1773953036
Se1 0.6626384992 0.5417925723 0.1308556719
Se2 0.6626384992 0.5417925723 0.2239349354
Mo 0.6314199681 0.5740181528 0.1773953036
Se1 0.6958711291 0.5720040540 0.1308556719
Se2 0.6958711291 0.5720040540 0.2239349354
Mo 0.6646525980 0.6042296346 0.1773953036
Se1 0.7291037590 0.6022155358 0.1308556719
Se2 0.7291037590 0.6022155358 0.2239349354
Mo 0.6978852279 0.6344411163 0.1773953036
Se1 0.7623363889 0.6324270175 0.1308556719
Se2 0.7623363889 0.6324270175 0.2239349354
Mo 0.7311178578 0.6646525980 0.1773953036
Se1 0.7955690188 0.6626384992 0.1308556719
Se2 0.7955690188 0.6626384992 0.2239349354
Mo 0.7643504877 0.6948640797 0.1773953036
Se1 0.8288016487 0.6928499810 0.1308556719
Se2 0.8288016487 0.6928499810 0.2239349354
Mo 0.7975831176 0.7250755615 0.1773953036
Se1 0.8620342786 0.7230614627 0.1308556719
Se2 0.8620342786 0.7230614627 0.2239349354
Mo 0.8308157475 0.7552870432 0.1773953036
Se1 0.8952669085 0.7532729444 0.1308556719
Se2 0.8952669085 0.7532729444 0.2239349354
Mo 0.8640483774 0.7854985249 0.1773953036
Se1 0.9284995384 0.7834844261 0.1308556719
Se2 0.9284995384 0.7834844261 0.2239349354
Mo 0.8972810073 0.8157100066 0.1773953036
Mo 0.9305136372 0.8459214884 0.1773953036
Mo 0.1631420013 0.0574018153 0.1773953036
Se1 0.2275931623 0.0553877165 0.1308556719
Se2 0.2275931623 0.0553877165 0.2239349354
Mo 0.1963746312 0.0876132970 0.1773953036
Se1 0.2608257922 0.0855991982 0.1308556719
Se2 0.2608257922 0.0855991982 0.2239349354
Mo 0.2296072611 0.1178247787 0.1773953036
Se1 0.2940584221 0.1158106800 0.1308556719
Se2 0.2940584221 0.1158106800 0.2239349354
Mo 0.2628398910 0.1480362605 0.1773953036
Se1 0.3272910520 0.1460221617 0.1308556719
Se2 0.3272910520 0.1460221617 0.2239349354
Mo 0.2960725209 0.1782477422 0.1773953036
Se1 0.3605236819 0.1762336434 0.1308556719
Se2 0.3605236819 0.1762336434 0.2239349354
Mo 0.3293051508 0.2084592239 0.1773953036
Se1 0.3937563118 0.2064451251 0.1308556719
Se2 0.3937563118 0.2064451251 0.2239349354
Mo 0.3625377807 0.2386707056 0.1773953036
Se1 0.4269889417 0.2366566069 0.1308556719
Se2 0.4269889417 0.2366566069 0.2239349354
Mo 0.3957704106 0.2688821874 0.1773953036
Se1 0.4602215716 0.2668680886 0.1308556719
Se2 0.4602215716 0.2668680886 0.2239349354
Mo 0.4290030405 0.2990936691 0.1773953036
Se1 0.4934542015 0.2970795703 0.1308556719
Se2 0.4934542015 0.2970795703 0.2239349354
Mo 0.4622356704 0.3293051508 0.1773953036
Se1 0.5266868314 0.3272910521 0.1308556719
Se2 0.5266868314 0.3272910521 0.2239349354
Mo 0.4954683003 0.3595166326 0.1773953036
Se1 0.5599194613 0.3575025338 0.1308556719
Se2 0.5599194613 0.3575025338 0.2239349354
Mo 0.5287009302 0.3897281143 0.1773953036
Se1 0.5931520912 0.3877140155 0.1308556719
Se2 0.5931520912 0.3877140155 0.2239349354
Mo 0.5619335601 0.4199395960 0.1773953036
Se1 0.6263847211 0.4179254972 0.1308556719
Se2 0.6263847211 0.4179254972 0.2239349354
Mo 0.5951661900 0.4501510777 0.1773953036
Se1 0.6596173510 0.4481369790 0.1308556719
Se2 0.6596173510 0.4481369790 0.2239349354
Mo 0.6283988199 0.4803625595 0.1773953036
Se1 0.6928499809 0.4783484607 0.1308556719
Se2 0.6928499809 0.4783484607 0.2239349354
Mo 0.6616314498 0.5105740412 0.1773953036
Se1 0.7260826108 0.5085599424 0.1308556719
Se2 0.7260826108 0.5085599424 0.2239349354
Mo 0.6948640797 0.5407855229 0.1773953036
Se1 0.7593152407 0.5387714241 0.1308556719
Se2 0.7593152407 0.5387714241 0.2239349354
Mo 0.7280967096 0.5709970047 0.1773953036
Se1 0.7925478706 0.5689829059 0.1308556719
Se2 0.7925478706 0.5689829059 0.2239349354
Mo 0.7613293395 0.6012084864 0.1773953036
Se1 0.8257805005 0.5991943876 0.1308556719
Se2 0.8257805005 0.5991943876 0.2239349354
Mo 0.7945619694 0.6314199681 0.1773953036
Se1 0.8590131304 0.6294058693 0.1308556719
Se2 0.8590131304 0.6294058693 0.2239349354
Mo 0.8277945993 0.6616314498 0.1773953036
Se1 0.8922457603 0.6596173511 0.1308556719
Se2 0.8922457603 0.6596173511 0.2239349354
Mo 0.8610272292 0.6918429316 0.1773953036
Se1 0.9254783902 0.6898288328 0.1308556719
Se2 0.9254783902 0.6898288328 0.2239349354
Mo 0.8942598591 0.7220544133 0.1773953036
Mo 0.9274924890 0.7522658950 0.1773953036
Mo 0.2930513728 0.0845921488 0.1773953036
Se1 0.3575025337 0.0825780501 0.1308556719
Se2 0.3575025337 0.0825780501 0.2239349354
Mo 0.3262840027 0.1148036306 0.1773953036
Se1 0.3907351636 0.1127895318 0.1308556719
Se2 0.3907351636 0.1127895318 0.2239349354
Mo 0.3595166326 0.1450151123 0.1773953036
Se1 0.4239677935 0.1430010135 0.1308556719
Se2 0.4239677935 0.1430010135 0.2239349354
Mo 0.3927492625 0.1752265940 0.1773953036
Se1 0.4572004234 0.1732124952 0.1308556719
Se2 0.4572004234 0.1732124952 0.2239349354
Mo 0.4259818924 0.2054380757 0.1773953036
Se1 0.4904330533 0.2034239770 0.1308556719
Se2 0.4904330533 0.2034239770 0.2239349354
Mo 0.4592145223 0.2356495575 0.1773953036
Se1 0.5236656832 0.2336354587 0.1308556719
Se2 0.5236656832 0.2336354587 0.2239349354
Mo 0.4924471522 0.2658610392 0.1773953036
Se1 0.5568983131 0.2638469404 0.1308556719
Se2 0.5568983131 0.2638469404 0.2239349354
Mo 0.5256797821 0.2960725209 0.1773953036
Se1 0.5901309430 0.2940584222 0.1308556719
Se2 0.5901309430 0.2940584222 0.2239349354
Mo 0.5589124120 0.3262840027 0.1773953036
Se1 0.6233635729 0.3242699039 0.1308556719
Se2 0.6233635729 0.3242699039 0.2239349354
Mo 0.5921450419 0.3564954844 0.1773953036
Se1 0.6565962028 0.3544813856 0.1308556719
Se2 0.6565962028 0.3544813856 0.2239349354
Mo 0.6253776718 0.3867069661 0.1773953036
Se1 0.6898288327 0.3846928673 0.1308556719
Se2 0.6898288327 0.3846928673 0.2239349354
Mo 0.6586103017 0.4169184478 0.1773953036
Se1 0.7230614626 0.4149043491 0.1308556719
Se2 0.7230614626 0.4149043491 0.2239349354
Mo 0.6918429316 0.4471299296 0.1773953036
Se1 0.7562940925 0.4451158308 0.1308556719
Se2 0.7562940925 0.4451158308 0.2239349354
Mo 0.7250755615 0.4773414113 0.1773953036
Se1 0.7895267224 0.4753273125 0.1308556719
Se2 0.7895267224 0.4753273125 0.2239349354
Mo 0.7583081914 0.5075528930 0.1773953036
Se1 0.8227593523 0.5055387942 0.1308556719
Se2 0.8227593523 0.5055387942 0.2239349354
Mo 0.7915408213 0.5377643748 0.1773953036
Se1 0.8559919822 0.5357502760 0.1308556719
Se2 0.8559919822 0.5357502760 0.2239349354
Mo 0.8247734512 0.5679758565 0.1773953036
Se1 0.8892246121 0.5659617577 0.1308556719
Se2 0.8892246121 0.5659617577 0.2239349354
Mo 0.8580060811 0.5981873382 0.1773953036
Se1 0.9224572420 0.5961732394 0.1308556719
Se2 0.9224572420 0.5961732394 0.2239349354
Mo 0.8912387110 0.6283988199 0.1773953036
Mo 0.9244713409 0.6586103017 0.1773953036
Mo 0.3897281143 0.0815710007 0.1773953036
Se1 0.4541792752 0.0795569019 0.1308556719
Se2 0.4541792752 0.0795569019 0.2239349354
Mo 0.4229607442 0.1117824824 0.1773953036
Se1 0.4874119051 0.1097683836 0.1308556719
Se2 0.4874119051 0.1097683836 0.2239349354
Mo 0.4561933741 0.1419939641 0.1773953036
Se1 0.5206445350 0.1399798653 0.1308556719
Se2 0.5206445350 0.1399798653 0.2239349354
Mo 0.4894260040 0.1722054458 0.1773953036
Se1 0.5538771649 0.1701913471 0.1308556719
Se2 0.5538771649 0.1701913471 0.2239349354
Mo 0.5226586339 0.2024169276 0.1773953036
Se1 0.5871097948 0.2004028288 0.1308556719
Se2 0.5871097948 0.2004028288 0.2239349354
Mo 0.5558912638 0.2326284093 0.1773953036
Se1 0.6203424247 0.2306143105 0.1308556719
Se2 0.6203424247 0.2306143105 0.2239349354
Mo 0.5891238937 0.2628398910 0.1773953036
Se1 0.6535750546 0.2608257923 0.1308556719
Se2 0.6535750546 0.2608257923 0.2239349354
Mo 0.6223565236 0.2930513728 0.1773953036
Se1 0.6868076845 0.2910372740 0.1308556719
Se2 0.6868076845 0.2910372740 0.2239349354
Mo 0.6555891535 0.3232628545 0.1773953036
Se1 0.7200403144 0.3212487557 0.1308556719
Se2 0.7200403144 0.3212487557 0.2239349354
Mo 0.6888217834 0.3534743362 0.1773953036
Se1 0.7532729443 0.3514602374 0.1308556719
Se2 0.7532729443 0.3514602374 0.2239349354
Mo 0.7220544133 0.3836858179 0.1773953036
Se1 0.7865055742 0.3816717192 0.1308556719
Se2 0.7865055742 0.3816717192 0.2239349354
Mo 0.7552870432 0.4138972997 0.1773953036
Se1 0.8197382041 0.4118832009 0.1308556719
Se2 0.8197382041 0.4118832009 0.2239349354
Mo 0.7885196731 0.4441087814 0.1773953036
Se1 0.8529708340 0.4420946826 0.1308556719
Se2 0.8529708340 0.4420946826 0.2239349354
Mo 0.8217523030 0.4743202631 0.1773953036
Se1 0.8862034639 0.4723061643 0.1308556719
Se2 0.8862034639 0.4723061643 0.2239349354
Mo 0.8549849329 0.5045317449 0.1773953036
Se1 0.9194360938 0.5025176461 0.1308556719
Se2 0.9194360938 0.5025176461 0.2239349354
Mo 0.8882175628 0.5347432266 0.1773953036
Mo 0.9214501927 0.5649547083 0.1773953036
Mo 0.4864048558 0.0785498525 0.1773953036
Se1 0.5508560168 0.0765357537 0.1308556719
Se2 0.5508560168 0.0765357537 0.2239349354
Mo 0.5196374857 0.1087613342 0.1773953036
Se1 0.5840886467 0.1067472354 0.1308556719
Se2 0.5840886467 0.1067472354 0.2239349354
Mo 0.5528701156 0.1389728159 0.1773953036
Se1 0.6173212766 0.1369587172 0.1308556719
Se2 0.6173212766 0.1369587172 0.2239349354
Mo 0.5861027455 0.1691842977 0.1773953036
Se1 0.6505539065 0.1671701989 0.1308556719
Se2 0.6505539065 0.1671701989 0.2239349354
Mo 0.6193353754 0.1993957794 0.1773953036
Se1 0.6837865364 0.1973816806 0.1308556719
Se2 0.6837865364 0.1973816806 0.2239349354
Mo 0.6525680053 0.2296072611 0.1773953036
Se1 0.7170191663 0.2275931624 0.1308556719
Se2 0.7170191663 0.2275931624 0.2239349354
Mo 0.6858006352 0.2598187429 0.1773953036
Se1 0.7502517962 0.2578046441 0.1308556719
Se2 0.7502517962 0.2578046441 0.2239349354
Mo 0.7190332651 0.2900302246 0.1773953036
Se1 0.7834844261 0.2880161258 0.1308556719
Se2 0.7834844261 0.2880161258 0.2239349354
Mo 0.7522658950 0.3202417063 0.1773953036
Se1 0.8167170560 0.3182276075 0.1308556719
Se2 0.8167170560 0.3182276075 0.2239349354
Mo 0.7854985249 0.3504531880 0.1773953036
Se1 0.8499496859 0.3484390893 0.1308556719
Se2 0.8499496859 0.3484390893 0.2239349354
Mo 0.8187311548 0.3806646698 0.1773953036
Se1 0.8831823158 0.3786505710 0.1308556719
Se2 0.8831823158 0.3786505710 0.2239349354
Mo 0.8519637847 0.4108761515 0.1773953036
Se1 0.9164149457 0.4088620527 0.1308556719
Se2 0.9164149457 0.4088620527 0.2239349354
Mo 0.8851964146 0.4410876332 0.1773953036
Mo 0.9184290445 0.4712991150 0.1773953036
Mo 0.5830815973 0.0755287043 0.1773953036
Se1 0.6475327583 0.0735146055 0.1308556719
Se2 0.6475327583 0.0735146055 0.2239349354
Mo 0.6163142272 0.1057401860 0.1773953036
Se1 0.6807653882 0.1037260873 0.1308556719
Se2 0.6807653882 0.1037260873 0.2239349354
Mo 0.6495468571 0.1359516678 0.1773953036
Se1 0.7139980181 0.1339375690 0.1308556719
Se2 0.7139980181 0.1339375690 0.2239349354
Mo 0.6827794870 0.1661631495 0.1773953036
Se1 0.7472306480 0.1641490507 0.1308556719
Se2 0.7472306480 0.1641490507 0.2239349354
Mo 0.7160121169 0.1963746312 0.1773953036
Se1 0.7804632779 0.1943605324 0.1308556719
Se2 0.7804632779 0.1943605324 0.2239349354
Mo 0.7492447468 0.2265861130 0.1773953036
Se1 0.8136959078 0.2245720142 0.1308556719
Se2 0.8136959078 0.2245720142 0.2239349354
Mo 0.7824773767 0.2567975947 0.1773953036
Se1 0.8469285377 0.2547834959 0.1308556719
Se2 0.8469285377 0.2547834959 0.2239349354
Mo 0.8157100066 0.2870090764 0.1773953036
Se1 0.8801611676 0.2849949776 0.1308556719
Se2 0.8801611676 0.2849949776 0.2239349354
Mo 0.8489426365 0.3172205581 0.1773953036
Se1 0.9133937975 0.3152064594 0.1308556719
Se2 0.9133937975 0.3152064594 0.2239349354
Mo 0.8821752664 0.3474320399 0.1773953036
Mo 0.9154078963 0.3776435216 0.1773953036
Mo 0.6797583389 0.0725075561 0.1773953036
Se1 0.7442094998 0.0704934574 0.1308556719
Se2 0.7442094998 0.0704934574 0.2239349354
Mo 0.7129909688 0.1027190379 0.1773953036
Se1 0.7774421297 0.1007049391 0.1308556719
Se2 0.7774421297 0.1007049391 0.2239349354
Mo 0.7462235987 0.1329305196 0.1773953036
Se1 0.8106747596 0.1309164208 0.1308556719
Se2 0.8106747596 0.1309164208 0.2239349354
Mo 0.7794562286 0.1631420013 0.1773953036
Se1 0.8439073895 0.1611279025 0.1308556719
Se2 0.8439073895 0.1611279025 0.2239349354
Mo 0.8126888585 0.1933534831 0.1773953036
Se1 0.8771400194 0.1913393843 0.1308556719
Se2 0.8771400194 0.1913393843 0.2239349354
Mo 0.8459214884 0.2235649648 0.1773953036
Se1 0.9103726493 0.2215508660 0.1308556719
Se2 0.9103726493 0.2215508660 0.2239349354
Mo 0.8791541183 0.2537764465 0.1773953036
Se1 0.9436052792 0.2517623477 0.1308556719
Se2 0.9436052792 0.2517623477 0.2239349354
Mo 0.9123867482 0.2839879282 0.1773953036
Mo 0.7764350804 0.0694864080 0.1773953036
Se1 0.8408862414 0.0674723092 0.1308556719
Se2 0.8408862414 0.0674723092 0.2239349354
Mo 0.8096677103 0.0996978897 0.1773953036
Se1 0.8741188713 0.0976837909 0.1308556719
Se2 0.8741188713 0.0976837909 0.2239349354
Mo 0.8429003402 0.1299093714 0.1773953036
Se1 0.9073515012 0.1278952726 0.1308556719
Se2 0.9073515012 0.1278952726 0.2239349354
Mo 0.8761329701 0.1601208532 0.1773953036
Se1 0.9405841311 0.1581067544 0.1308556719
Se2 0.9405841311 0.1581067544 0.2239349354
Mo 0.9093656000 0.1903323349 0.1773953036
Mo 0.9425982299 0.2205438166 0.1773953036
Mo 0.8731118219 0.0664652598 0.1773953036
Se1 0.9375629829 0.0644511610 0.1308556719
Se2 0.9375629829 0.0644511610 0.2239349354
Mo 0.9063444518 0.0966767415 0.1773953036
Mo 0.9395770817 0.1268882233 0.1773953036
Se1 -0.0322255807 1.0312185762 0.3085665233
Se2 -0.0322255807 1.0312185762 0.4016457868
Se1 -0.0292044325 0.9345418347 0.3085665233
Se2 -0.0292044325 0.9345418347 0.4016457868
W -0.0302114819 0.9667674152 0.3551061551
Se1 0.0010070492 0.9677744645 0.3085665233
Se2 0.0010070492 0.9677744645 0.4016457868
W -0.0000000001 1.0000000450 0.3551061551
Se1 0.0312185310 1.0010070944 0.3085665233
Se2 0.0312185310 1.0010070944 0.4016457868
W 0.0302114816 1.0332326749 0.3551061551
Se1 0.0614300127 1.0342397243 0.3085665233
Se2 0.0614300127 1.0342397243 0.4016457868
Se1 -0.0261832843 0.8378650931 0.3085665233
Se2 -0.0261832843 0.8378650931 0.4016457868
W -0.0271903337 0.8700906736 0.3551061551
Se1 0.0040281974 0.8710977230 0.3085665233
Se2 0.0040281974 0.8710977230 0.4016457868
W 0.0030211480 0.9033233035 0.3551061551
Se1 0.0342396791 0.9043303529 0.3085665233
Se2 0.0342396791 0.9043303529 0.4016457868
W 0.0332326298 0.9365559334 0.3551061551
Se1 0.0644511609 0.9375629828 0.3085665233
Se2 0.0644511609 0.9375629828 0.4016457868
W 0.0634441115 0.9697885633 0.3551061551
Se1 0.0946626426 0.9707956127 0.3085665233
Se2 0.0946626426 0.9707956127 0.4016457868
W 0.0936555932 1.0030211932 0.3551061551
Se1 0.1248741243 1.0040282426 0.3085665233
Se2 0.1248741243 1.0040282426 0.4016457868
W 0.1238670750 1.0362538231 0.3551061551
Se1 0.1550856060 1.0372608725 0.3085665233
Se2 0.1550856060 1.0372608725 0.4016457868
Se1 -0.0533736179 0.7079557217 0.3085665233
Se2 -0.0533736179 0.7079557217 0.4016457868
W -0.0543806672 0.7401813022 0.3551061551
Se1 -0.0231621361 0.7411883516 0.3085665233
Se2 -0.0231621361 0.7411883516 0.4016457868
W -0.0241691855 0.7734139321 0.3551061551
Se1 0.0070493456 0.7744209815 0.3085665233
Se2 0.0070493456 0.7744209815 0.4016457868
W 0.0060422962 0.8066465620 0.3551061551
Se1 0.0372608273 0.8076536114 0.3085665233
Se2 0.0372608273 0.8076536114 0.4016457868
W 0.0362537780 0.8398791919 0.3551061551
Se1 0.0674723091 0.8408862413 0.3085665233
Se2 0.0674723091 0.8408862413 0.4016457868
W 0.0664652597 0.8731118218 0.3551061551
Se1 0.0976837908 0.8741188712 0.3085665233
Se2 0.0976837908 0.8741188712 0.4016457868
W 0.0966767414 0.9063444517 0.3551061551
Se1 0.1278952725 0.9073515011 0.3085665233
Se2 0.1278952725 0.9073515011 0.4016457868
W 0.1268882231 0.9395770816 0.3551061551
Se1 0.1581067542 0.9405841309 0.3085665233
Se2 0.1581067542 0.9405841309 0.4016457868
W 0.1570997049 0.9728097115 0.3551061551
Se1 0.1883182360 0.9738167608 0.3085665233
Se2 0.1883182360 0.9738167608 0.4016457868
W 0.1873111866 1.0060423413 0.3551061551
Se1 0.2185297177 1.0070493907 0.3085665233
Se2 0.2185297177 1.0070493907 0.4016457868
W 0.2175226683 1.0392749712 0.3551061551
Se1 0.2487411994 1.0402820206 0.3085665233
Se2 0.2487411994 1.0402820206 0.4016457868
Se1 -0.0503524697 0.6112789802 0.3085665233
Se2 -0.0503524697 0.6112789802 0.4016457868
W -0.0513595190 0.6435045607 0.3551061551
Se1 -0.0201409879 0.6445116101 0.3085665233
Se2 -0.0201409879 0.6445116101 0.4016457868
W -0.0211480373 0.6767371906 0.3551061551
Se1 0.0100704938 0.6777442400 0.3085665233
Se2 0.0100704938 0.6777442400 0.4016457868
W 0.0090634444 0.7099698205 0.3551061551
Se1 0.0402819755 0.7109768699 0.3085665233
Se2 0.0402819755 0.7109768699 0.4016457868
W 0.0392749261 0.7432024504 0.3551061551
Se1 0.0704934572 0.7442094998 0.3085665233
Se2 0.0704934572 0.7442094998 0.4016457868
W 0.0694864079 0.7764350803 0.3551061551
Se1 0.1007049390 0.7774421297 0.3085665233
Se2 0.1007049390 0.7774421297 0.4016457868
W 0.0996978896 0.8096677102 0.3551061551
Se1 0.1309164207 0.8106747595 0.3085665233
Se2 0.1309164207 0.8106747595 0.4016457868
W 0.1299093713 0.8429003400 0.3551061551
Se1 0.1611279024 0.8439073894 0.3085665233
Se2 0.1611279024 0.8439073894 0.4016457868
W 0.1601208531 0.8761329699 0.3551061551
Se1 0.1913393841 0.8771400193 0.3085665233
Se2 0.1913393841 0.8771400193 0.4016457868
W 0.1903323348 0.9093655998 0.3551061551
Se1 0.2215508659 0.9103726492 0.3085665233
Se2 0.2215508659 0.9103726492 0.4016457868
W 0.2205438165 0.9425982297 0.3551061551
Se1 0.2517623476 0.9436052791 0.3085665233
Se2 0.2517623476 0.9436052791 0.4016457868
W 0.2507552982 0.9758308596 0.3551061551
Se1 0.2819738293 0.9768379090 0.3085665233
Se2 0.2819738293 0.9768379090 0.4016457868
W 0.2809667800 1.0090634895 0.3551061551
Se1 0.3121853111 1.0100705389 0.3085665233
Se2 0.3121853111 1.0100705389 0.4016457868
W 0.3111782617 1.0422961194 0.3551061551
Se1 0.3423967928 1.0433031688 0.3085665233
Se2 0.3423967928 1.0433031688 0.4016457868
Se1 -0.0473313215 0.5146022387 0.3085665233
Se2 -0.0473313215 0.5146022387 0.4016457868
W -0.0483383708 0.5468278192 0.3551061551
Se1 -0.0171198398 0.5478348686 0.3085665233
Se2 -0.0171198398 0.5478348686 0.4016457868
W -0.0181268891 0.5800604491 0.3551061551
Se1 0.0130916420 0.5810674985 0.3085665233
Se2 0.0130916420 0.5810674985 0.4016457868
W 0.0120845926 0.6132930790 0.3551061551
Se1 0.0433031237 0.6143001284 0.3085665233
Se2 0.0433031237 0.6143001284 0.4016457868
W 0.0422960743 0.6465257089 0.3551061551
Se1 0.0735146054 0.6475327583 0.3085665233
Se2 0.0735146054 0.6475327583 0.4016457868
W 0.0725075561 0.6797583388 0.3551061551
Se1 0.1037260872 0.6807653881 0.3085665233
Se2 0.1037260872 0.6807653881 0.4016457868
W 0.1027190378 0.7129909686 0.3551061551
Se1 0.1339375689 0.7139980180 0.3085665233
Se2 0.1339375689 0.7139980180 0.4016457868
W 0.1329305195 0.7462235985 0.3551061551
Se1 0.1641490506 0.7472306479 0.3085665233
Se2 0.1641490506 0.7472306479 0.4016457868
W 0.1631420012 0.7794562284 0.3551061551
Se1 0.1943605323 0.7804632778 0.3085665233
Se2 0.1943605323 0.7804632778 0.4016457868
W 0.1933534830 0.8126888583 0.3551061551
Se1 0.2245720141 0.8136959077 0.3085665233
Se2 0.2245720141 0.8136959077 0.4016457868
W 0.2235649647 0.8459214882 0.3551061551
Se1 0.2547834958 0.8469285376 0.3085665233
Se2 0.2547834958 0.8469285376 0.4016457868
W 0.2537764464 0.8791541181 0.3551061551
Se1 0.2849949775 0.8801611675 0.3085665233
Se2 0.2849949775 0.8801611675 0.4016457868
W 0.2839879282 0.9123867480 0.3551061551
Se1 0.3152064592 0.9133937973 0.3085665233
Se2 0.3152064592 0.9133937973 0.4016457868
W 0.3141994099 0.9456193779 0.3551061551
Se1 0.3454179410 0.9466264272 0.3085665233
Se2 0.3454179410 0.9466264272 0.4016457868
W 0.3444108916 0.9788520077 0.3551061551
Se1 0.3756294227 0.9798590571 0.3085665233
Se2 0.3756294227 0.9798590571 0.4016457868
W 0.3746223733 1.0120846376 0.3551061551
Se1 0.4058409044 1.0130916870 0.3085665233
Se2 0.4058409044 1.0130916870 0.4016457868
W 0.4048338551 1.0453172675 0.3551061551
Se1 0.4360523862 1.0463243169 0.3085665233
Se2 0.4360523862 1.0463243169 0.4016457868
Se1 -0.0443101733 0.4179254972 0.3085665233
Se2 -0.0443101733 0.4179254972 0.4016457868
W -0.0453172227 0.4501510777 0.3551061551
Se1 -0.0140986916 0.4511581271 0.3085665233
Se2 -0.0140986916 0.4511581271 0.4016457868
W -0.0151057409 0.4833837076 0.3551061551
Se1 0.0161127902 0.4843907570 0.3085665233
Se2 0.0161127902 0.4843907570 0.4016457868
W 0.0151057408 0.5166163375 0.3551061551
Se1 0.0463242719 0.5176233868 0.3085665233
Se2 0.0463242719 0.5176233868 0.4016457868
W 0.0453172225 0.5498489674 0.3551061551
Se1 0.0765357536 0.5508560167 0.3085665233
Se2 0.0765357536 0.5508560167 0.4016457868
W 0.0755287042 0.5830815972 0.3551061551
Se1 0.1067472353 0.5840886466 0.3085665233
Se2 0.1067472353 0.5840886466 0.4016457868
W 0.1057401860 0.6163142271 0.3551061551
Se1 0.1369587171 0.6173212765 0.3085665233
Se2 0.1369587171 0.6173212765 0.4016457868
W 0.1359516677 0.6495468570 0.3551061551
Se1 0.1671701988 0.6505539064 0.3085665233
Se2 0.1671701988 0.6505539064 0.4016457868
W 0.1661631494 0.6827794869 0.3551061551
Se1 0.1973816805 0.6837865363 0.3085665233
Se2 0.1973816805 0.6837865363 0.4016457868
W 0.1963746312 0.7160121168 0.3551061551
Se1 0.2275931622 0.7170191662 0.3085665233
Se2 0.2275931622 0.7170191662 0.4016457868
W 0.2265861129 0.7492447467 0.3551061551
Se1 0.2578046440 0.7502517961 0.3085665233
Se2 0.2578046440 0.7502517961 0.4016457868
W 0.2567975946 0.7824773766 0.3551061551
Se1 0.2880161257 0.7834844259 0.3085665233
Se2 0.2880161257 0.7834844259 0.4016457868
W 0.2870090763 0.8157100065 0.3551061551
Se1 0.3182276074 0.8167170558 0.3085665233
Se2 0.3182276074 0.8167170558 0.4016457868
W 0.3172205581 0.8489426363 0.3551061551
Se1 0.3484390892 0.8499496857 0.3085665233
Se2 0.3484390892 0.8499496857 0.4016457868
W 0.3474320398 0.8821752662 0.3551061551
Se1 0.3786505709 0.8831823156 0.3085665233
Se2 0.3786505709 0.8831823156 0.4016457868
W 0.3776435215 0.9154078961 0.3551061551
Se1 0.4088620526 0.9164149455 0.3085665233
Se2 0.4088620526 0.9164149455 0.4016457868
W 0.4078550032 0.9486405260 0.3551061551
Se1 0.4390735343 0.9496475754 0.3085665233
Se2 0.4390735343 0.9496475754 0.4016457868
W 0.4380664850 0.9818731559 0.3551061551
Se1 0.4692850161 0.9828802053 0.3085665233
Se2 0.4692850161 0.9828802053 0.4016457868
W 0.4682779667 1.0151057858 0.3551061551
Se1 0.4994964978 1.0161128352 0.3085665233
Se2 0.4994964978 1.0161128352 0.4016457868
W 0.4984894484 1.0483384157 0.3551061551
Se1 0.5297079795 1.0493454650 0.3085665233
Se2 0.5297079795 1.0493454650 0.4016457868
Se1 -0.0412890251 0.3212487557 0.3085665233
Se2 -0.0412890251 0.3212487557 0.4016457868
W -0.0422960745 0.3534743362 0.3551061551
Se1 -0.0110775434 0.3544813856 0.3085665233
Se2 -0.0110775434 0.3544813856 0.4016457868
W -0.0120845927 0.3867069661 0.3551061551
Se1 0.0191339383 0.3877140154 0.3085665233
Se2 0.0191339383 0.3877140154 0.4016457868
W 0.0181268890 0.4199395960 0.3551061551
Se1 0.0493454201 0.4209466453 0.3085665233
Se2 0.0493454201 0.4209466453 0.4016457868
W 0.0483383707 0.4531722258 0.3551061551
Se1 0.0795569018 0.4541792752 0.3085665233
Se2 0.0795569018 0.4541792752 0.4016457868
W 0.0785498524 0.4864048557 0.3551061551
Se1 0.1097683835 0.4874119051 0.3085665233
Se2 0.1097683835 0.4874119051 0.4016457868
W 0.1087613342 0.5196374856 0.3551061551
Se1 0.1399798653 0.5206445350 0.3085665233
Se2 0.1399798653 0.5206445350 0.4016457868
W 0.1389728159 0.5528701155 0.3551061551
Se1 0.1701913470 0.5538771649 0.3085665233
Se2 0.1701913470 0.5538771649 0.4016457868
W 0.1691842976 0.5861027454 0.3551061551
Se1 0.2004028287 0.5871097948 0.3085665233
Se2 0.2004028287 0.5871097948 0.4016457868
W 0.1993957793 0.6193353753 0.3551061551
Se1 0.2306143104 0.6203424247 0.3085665233
Se2 0.2306143104 0.6203424247 0.4016457868
W 0.2296072611 0.6525680052 0.3551061551
Se1 0.2608257922 0.6535750545 0.3085665233
Se2 0.2608257922 0.6535750545 0.4016457868
W 0.2598187428 0.6858006350 0.3551061551
Se1 0.2910372739 0.6868076844 0.3085665233
Se2 0.2910372739 0.6868076844 0.4016457868
W 0.2900302245 0.7190332649 0.3551061551
Se1 0.3212487556 0.7200403143 0.3085665233
Se2 0.3212487556 0.7200403143 0.4016457868
W 0.3202417063 0.7522658948 0.3551061551
Se1 0.3514602373 0.7532729442 0.3085665233
Se2 0.3514602373 0.7532729442 0.4016457868
W 0.3504531880 0.7854985247 0.3551061551
Se1 0.3816717191 0.7865055741 0.3085665233
Se2 0.3816717191 0.7865055741 0.4016457868
W 0.3806646697 0.8187311546 0.3551061551
Se1 0.4118832008 0.8197382040 0.3085665233
Se2 0.4118832008 0.8197382040 0.4016457868
W 0.4108761514 0.8519637845 0.3551061551
Se1 0.4420946825 0.8529708339 0.3085665233
Se2 0.4420946825 0.8529708339 0.4016457868
W 0.4410876332 0.8851964144 0.3551061551
Se1 0.4723061643 0.8862034638 0.3085665233
Se2 0.4723061643 0.8862034638 0.4016457868
W 0.4712991149 0.9184290443 0.3551061551
Se1 0.5025176460 0.9194360936 0.3085665233
Se2 0.5025176460 0.9194360936 0.4016457868
W 0.5015105966 0.9516616741 0.3551061551
Se1 0.5327291277 0.9526687235 0.3085665233
Se2 0.5327291277 0.9526687235 0.4016457868
W 0.5317220783 0.9848943040 0.3551061551
Se1 0.5629406094 0.9859013534 0.3085665233
Se2 0.5629406094 0.9859013534 0.4016457868
W 0.5619335601 1.0181269339 0.3551061551
Se1 0.5931520912 1.0191339833 0.3085665233
Se2 0.5931520912 1.0191339833 0.4016457868
W 0.5921450418 1.0513595638 0.3551061551
Se1 0.6233635729 1.0523666132 0.3085665233
Se2 0.6233635729 1.0523666132 0.4016457868
Se1 -0.0382678769 0.2245720142 0.3085665233
Se2 -0.0382678769 0.2245720142 0.4016457868
W -0.0392749263 0.2567975947 0.3551061551
Se1 -0.0080563952 0.2578046440 0.3085665233
Se2 -0.0080563952 0.2578046440 0.4016457868
W -0.0090634446 0.2900302245 0.3551061551
Se1 0.0221550865 0.2910372739 0.3085665233
Se2 0.0221550865 0.2910372739 0.4016457868
W 0.0211480372 0.3232628544 0.3551061551
Se1 0.0523665683 0.3242699038 0.3085665233
Se2 0.0523665683 0.3242699038 0.4016457868
W 0.0513595189 0.3564954843 0.3551061551
Se1 0.0825780500 0.3575025337 0.3085665233
Se2 0.0825780500 0.3575025337 0.4016457868
W 0.0815710006 0.3897281142 0.3551061551
Se1 0.1127895317 0.3907351636 0.3085665233
Se2 0.1127895317 0.3907351636 0.4016457868
W 0.1117824823 0.4229607441 0.3551061551
Se1 0.1430010134 0.4239677935 0.3085665233
Se2 0.1430010134 0.4239677935 0.4016457868
W 0.1419939641 0.4561933740 0.3551061551
Se1 0.1732124952 0.4572004234 0.3085665233
Se2 0.1732124952 0.4572004234 0.4016457868
W 0.1722054458 0.4894260039 0.3551061551
Se1 0.2034239769 0.4904330533 0.3085665233
Se2 0.2034239769 0.4904330533 0.4016457868
W 0.2024169275 0.5226586338 0.3551061551
Se1 0.2336354586 0.5236656831 0.3085665233
Se2 0.2336354586 0.5236656831 0.4016457868
W 0.2326284093 0.5558912636 0.3551061551
Se1 0.2638469403 0.5568983130 0.3085665233
Se2 0.2638469403 0.5568983130 0.4016457868
W 0.2628398910 0.5891238935 0.3551061551
Se1 0.2940584221 0.5901309429 0.3085665233
Se2 0.2940584221 0.5901309429 0.4016457868
W 0.2930513727 0.6223565234 0.3551061551
Se1 0.3242699038 0.6233635728 0.3085665233
Se2 0.3242699038 0.6233635728 0.4016457868
W 0.3232628544 0.6555891533 0.3551061551
Se1 0.3544813855 0.6565962027 0.3085665233
Se2 0.3544813855 0.6565962027 0.4016457868
W 0.3534743362 0.6888217832 0.3551061551
Se1 0.3846928673 0.6898288326 0.3085665233
Se2 0.3846928673 0.6898288326 0.4016457868
W 0.3836858179 0.7220544131 0.3551061551
Se1 0.4149043490 0.7230614625 0.3085665233
Se2 0.4149043490 0.7230614625 0.4016457868
W 0.4138972996 0.7552870430 0.3551061551
Se1 0.4451158307 0.7562940924 0.3085665233
Se2 0.4451158307 0.7562940924 0.4016457868
W 0.4441087813 0.7885196729 0.3551061551
Se1 0.4753273124 0.7895267222 0.3085665233
Se2 0.4753273124 0.7895267222 0.4016457868
W 0.4743202631 0.8217523027 0.3551061551
Se1 0.5055387942 0.8227593521 0.3085665233
Se2 0.5055387942 0.8227593521 0.4016457868
W 0.5045317448 0.8549849326 0.3551061551
Se1 0.5357502759 0.8559919820 0.3085665233
Se2 0.5357502759 0.8559919820 0.4016457868
W 0.5347432265 0.8882175625 0.3551061551
Se1 0.5659617576 0.8892246119 0.3085665233
Se2 0.5659617576 0.8892246119 0.4016457868
W 0.5649547083 0.9214501924 0.3551061551
Se1 0.5961732393 0.9224572418 0.3085665233
Se2 0.5961732393 0.9224572418 0.4016457868
W 0.5951661900 0.9546828223 0.3551061551
Se1 0.6263847211 0.9556898717 0.3085665233
Se2 0.6263847211 0.9556898717 0.4016457868
W 0.6253776717 0.9879154522 0.3551061551
Se1 0.6565962028 0.9889225016 0.3085665233
Se2 0.6565962028 0.9889225016 0.4016457868
W 0.6555891534 1.0211480821 0.3551061551
Se1 0.6868076845 1.0221551315 0.3085665233
Se2 0.6868076845 1.0221551315 0.4016457868
W 0.6858006352 1.0543807120 0.3551061551
Se1 -0.0352467287 0.1278952726 0.3085665233
Se2 -0.0352467287 0.1278952726 0.4016457868
W -0.0362537781 0.1601208531 0.3551061551
Se1 -0.0050352470 0.1611279025 0.3085665233
Se2 -0.0050352470 0.1611279025 0.4016457868
W -0.0060422964 0.1933534830 0.3551061551
Se1 0.0251762347 0.1943605324 0.3085665233
Se2 0.0251762347 0.1943605324 0.4016457868
W 0.0241691854 0.2265861129 0.3551061551
Se1 0.0553877164 0.2275931623 0.3085665233
Se2 0.0553877164 0.2275931623 0.4016457868
W 0.0543806671 0.2598187428 0.3551061551
Se1 0.0855991982 0.2608257922 0.3085665233
Se2 0.0855991982 0.2608257922 0.4016457868
W 0.0845921488 0.2930513727 0.3551061551
Se1 0.1158106799 0.2940584221 0.3085665233
Se2 0.1158106799 0.2940584221 0.4016457868
W 0.1148036305 0.3262840026 0.3551061551
Se1 0.1460221616 0.3272910520 0.3085665233
Se2 0.1460221616 0.3272910520 0.4016457868
W 0.1450151123 0.3595166325 0.3551061551
Se1 0.1762336434 0.3605236818 0.3085665233
Se2 0.1762336434 0.3605236818 0.4016457868
W 0.1752265940 0.3927492624 0.3551061551
Se1 0.2064451251 0.3937563117 0.3085665233
Se2 0.2064451251 0.3937563117 0.4016457868
W 0.2054380757 0.4259818922 0.3551061551
Se1 0.2366566068 0.4269889416 0.3085665233
Se2 0.2366566068 0.4269889416 0.4016457868
W 0.2356495574 0.4592145221 0.3551061551
Se1 0.2668680885 0.4602215715 0.3085665233
Se2 0.2668680885 0.4602215715 0.4016457868
W 0.2658610392 0.4924471520 0.3551061551
Se1 0.2970795703 0.4934542014 0.3085665233
Se2 0.2970795703 0.4934542014 0.4016457868
W 0.2960725209 0.5256797819 0.3551061551
Se1 0.3272910520 0.5266868313 0.3085665233
Se2 0.3272910520 0.5266868313 0.4016457868
W 0.3262840026 0.5589124118 0.3551061551
Se1 0.3575025337 0.5599194612 0.3085665233
Se2 0.3575025337 0.5599194612 0.4016457868
W 0.3564954844 0.5921450417 0.3551061551
Se1 0.3877140154 0.5931520911 0.3085665233
Se2 0.3877140154 0.5931520911 0.4016457868
W 0.3867069661 0.6253776716 0.3551061551
Se1 0.4179254972 0.6263847209 0.3085665233
Se2 0.4179254972 0.6263847209 0.4016457868
W 0.4169184478 0.6586103015 0.3551061551
Se1 0.4481369789 0.6596173508 0.3085665233
Se2 0.4481369789 0.6596173508 0.4016457868
W 0.4471299295 0.6918429313 0.3551061551
Se1 0.4783484606 0.6928499807 0.3085665233
Se2 0.4783484606 0.6928499807 0.4016457868
W 0.4773414113 0.7250755612 0.3551061551
Se1 0.5085599424 0.7260826106 0.3085665233
Se2 0.5085599424 0.7260826106 0.4016457868
W 0.5075528930 0.7583081911 0.3551061551
Se1 0.5387714241 0.7593152405 0.3085665233
Se2 0.5387714241 0.7593152405 0.4016457868
W 0.5377643747 0.7915408210 0.3551061551
Se1 0.5689829058 0.7925478704 0.3085665233
Se2 0.5689829058 0.7925478704 0.4016457868
W 0.5679758564 0.8247734509 0.3551061551
Se1 0.5991943875 0.8257805003 0.3085665233
Se2 0.5991943875 0.8257805003 0.4016457868
W 0.5981873382 0.8580060808 0.3551061551
Se1 0.6294058693 0.8590131302 0.3085665233
Se2 0.6294058693 0.8590131302 0.4016457868
W 0.6283988199 0.8912387107 0.3551061551
Se1 0.6596173510 0.8922457600 0.3085665233
Se2 0.6596173510 0.8922457600 0.4016457868
W 0.6586103016 0.9244713406 0.3551061551
Se1 0.6898288327 0.9254783899 0.3085665233
Se2 0.6898288327 0.9254783899 0.4016457868
W 0.6888217834 0.9577039704 0.3551061551
Se1 0.7200403144 0.9587110198 0.3085665233
Se2 0.7200403144 0.9587110198 0.4016457868
W 0.7190332651 0.9909366003 0.3551061551
Se1 0.7502517962 0.9919436497 0.3085665233
Se2 0.7502517962 0.9919436497 0.4016457868
W 0.7492447468 1.0241692302 0.3551061551
Se1 0.7804632779 1.0251762796 0.3085665233
Se2 0.7804632779 1.0251762796 0.4016457868
W -0.0332326299 0.0634441116 0.3551061551
Se1 -0.0020140988 0.0644511610 0.3085665233
Se2 -0.0020140988 0.0644511610 0.4016457868
W -0.0030211482 0.0966767415 0.3551061551
Se1 0.0281973829 0.0976837909 0.3085665233
Se2 0.0281973829 0.0976837909 0.4016457868
W 0.0271903335 0.1299093714 0.3551061551
Se1 0.0584088646 0.1309164208 0.3085665233
Se2 0.0584088646 0.1309164208 0.4016457868
W 0.0574018153 0.1631420013 0.3551061551
Se1 0.0886203464 0.1641490507 0.3085665233
Se2 0.0886203464 0.1641490507 0.4016457868
W 0.0876132970 0.1963746312 0.3551061551
Se1 0.1188318281 0.1973816806 0.3085665233
Se2 0.1188318281 0.1973816806 0.4016457868
W 0.1178247787 0.2296072611 0.3551061551
Se1 0.1490433098 0.2306143104 0.3085665233
Se2 0.1490433098 0.2306143104 0.4016457868
W 0.1480362604 0.2628398910 0.3551061551
Se1 0.1792547915 0.2638469403 0.3085665233
Se2 0.1792547915 0.2638469403 0.4016457868
W 0.1782477422 0.2960725208 0.3551061551
Se1 0.2094662733 0.2970795702 0.3085665233
Se2 0.2094662733 0.2970795702 0.4016457868
W 0.2084592239 0.3293051507 0.3551061551
Se1 0.2396777550 0.3303122001 0.3085665233
Se2 0.2396777550 0.3303122001 0.4016457868
W 0.2386707056 0.3625377806 0.3551061551
Se1 0.2698892367 0.3635448300 0.3085665233
Se2 0.2698892367 0.3635448300 0.4016457868
W 0.2688821874 0.3957704105 0.3551061551
Se1 0.3001007184 0.3967774599 0.3085665233
Se2 0.3001007184 0.3967774599 0.4016457868
W 0.2990936691 0.4290030404 0.3551061551
Se1 0.3303122002 0.4300100898 0.3085665233
Se2 0.3303122002 0.4300100898 0.4016457868
W 0.3293051508 0.4622356703 0.3551061551
Se1 0.3605236819 0.4632427197 0.3085665233
Se2 0.3605236819 0.4632427197 0.4016457868
W 0.3595166325 0.4954683002 0.3551061551
Se1 0.3907351636 0.4964753495 0.3085665233
Se2 0.3907351636 0.4964753495 0.4016457868
W 0.3897281143 0.5287009301 0.3551061551
Se1 0.4209466454 0.5297079794 0.3085665233
Se2 0.4209466454 0.5297079794 0.4016457868
W 0.4199395960 0.5619335599 0.3551061551
Se1 0.4511581271 0.5629406093 0.3085665233
Se2 0.4511581271 0.5629406093 0.4016457868
W 0.4501510777 0.5951661898 0.3551061551
Se1 0.4813696088 0.5961732392 0.3085665233
Se2 0.4813696088 0.5961732392 0.4016457868
W 0.4803625594 0.6283988197 0.3551061551
Se1 0.5115810905 0.6294058691 0.3085665233
Se2 0.5115810905 0.6294058691 0.4016457868
W 0.5105740412 0.6616314496 0.3551061551
Se1 0.5417925723 0.6626384990 0.3085665233
Se2 0.5417925723 0.6626384990 0.4016457868
W 0.5407855229 0.6948640795 0.3551061551
Se1 0.5720040540 0.6958711289 0.3085665233
Se2 0.5720040540 0.6958711289 0.4016457868
W 0.5709970046 0.7280967094 0.3551061551
Se1 0.6022155357 0.7291037588 0.3085665233
Se2 0.6022155357 0.7291037588 0.4016457868
W 0.6012084864 0.7613293393 0.3551061551
Se1 0.6324270174 0.7623363886 0.3085665233
Se2 0.6324270174 0.7623363886 0.4016457868
W 0.6314199681 0.7945619692 0.3551061551
Se1 0.6626384992 0.7955690185 0.3085665233
Se2 0.6626384992 0.7955690185 0.4016457868
W 0.6616314498 0.8277945990 0.3551061551
Se1 0.6928499809 0.8288016484 0.3085665233
Se2 0.6928499809 0.8288016484 0.4016457868
W 0.6918429315 0.8610272289 0.3551061551
Se1 0.7230614626 0.8620342783 0.3085665233
Se2 0.7230614626 0.8620342783 0.4016457868
W 0.7220544133 0.8942598588 0.3551061551
Se1 0.7532729444 0.8952669082 0.3085665233
Se2 0.7532729444 0.8952669082 0.4016457868
W 0.7522658950 0.9274924887 0.3551061551
Se1 0.7834844261 0.9284995381 0.3085665233
Se2 0.7834844261 0.9284995381 0.4016457868
W 0.7824773767 0.9607251186 0.3551061551
Se1 0.8136959078 0.9617321680 0.3085665233
Se2 0.8136959078 0.9617321680 0.4016457868
W 0.8126888584 0.9939577485 0.3551061551
Se1 0.8439073895 0.9949647979 0.3085665233
Se2 0.8439073895 0.9949647979 0.4016457868
W 0.8429003402 1.0271903784 0.3551061551
Se1 0.8741188713 1.0281974277 0.3085665233
Se2 0.8741188713 1.0281974277 0.4016457868
W 0.0604229635 0.0664652598 0.3551061551
Se1 0.0916414945 0.0674723092 0.3085665233
Se2 0.0916414945 0.0674723092 0.4016457868
W 0.0906344452 0.0996978897 0.3551061551
Se1 0.1218529763 0.1007049390 0.3085665233
Se2 0.1218529763 0.1007049390 0.4016457868
W 0.1208459269 0.1329305195 0.3551061551
Se1 0.1520644580 0.1339375689 0.3085665233
Se2 0.1520644580 0.1339375689 0.4016457868
W 0.1510574086 0.1661631494 0.3551061551
Se1 0.1822759397 0.1671701988 0.3085665233
Se2 0.1822759397 0.1671701988 0.4016457868
W 0.1812688904 0.1993957793 0.3551061551
Se1 0.2124874215 0.2004028287 0.3085665233
Se2 0.2124874215 0.2004028287 0.4016457868
W 0.2114803721 0.2326284092 0.3551061551
Se1 0.2426989032 0.2336354586 0.3085665233
Se2 0.2426989032 0.2336354586 0.4016457868
W 0.2416918538 0.2658610391 0.3551061551
Se1 0.2729103849 0.2668680885 0.3085665233
Se2 0.2729103849 0.2668680885 0.4016457868
W 0.2719033355 0.2990936690 0.3551061551
Se1 0.3031218666 0.3001007184 0.3085665233
Se2 0.3031218666 0.3001007184 0.4016457868
W 0.3021148173 0.3323262989 0.3551061551
Se1 0.3333333484 0.3333333483 0.3085665233
Se2 0.3333333484 0.3333333483 0.4016457868
W 0.3323262990 0.3655589288 0.3551061551
Se1 0.3635448301 0.3665659781 0.3085665233
Se2 0.3635448301 0.3665659781 0.4016457868
W 0.3625377807 0.3987915586 0.3551061551
Se1 0.3937563118 0.3997986080 0.3085665233
Se2 0.3937563118 0.3997986080 0.4016457868
W 0.3927492625 0.4320241885 0.3551061551
Se1 0.4239677935 0.4330312379 0.3085665233
Se2 0.4239677935 0.4330312379 0.4016457868
W 0.4229607442 0.4652568184 0.3551061551
Se1 0.4541792753 0.4662638678 0.3085665233
Se2 0.4541792753 0.4662638678 0.4016457868
W 0.4531722259 0.4984894483 0.3551061551
Se1 0.4843907570 0.4994964977 0.3085665233
Se2 0.4843907570 0.4994964977 0.4016457868
W 0.4833837076 0.5317220782 0.3551061551
Se1 0.5146022387 0.5327291276 0.3085665233
Se2 0.5146022387 0.5327291276 0.4016457868
W 0.5135951894 0.5649547081 0.3551061551
Se1 0.5448137205 0.5659617575 0.3085665233
Se2 0.5448137205 0.5659617575 0.4016457868
W 0.5438066711 0.5981873380 0.3551061551
Se1 0.5750252022 0.5991943874 0.3085665233
Se2 0.5750252022 0.5991943874 0.4016457868
W 0.5740181528 0.6314199679 0.3551061551
Se1 0.6052366839 0.6324270172 0.3085665233
Se2 0.6052366839 0.6324270172 0.4016457868
W 0.6042296345 0.6646525977 0.3551061551
Se1 0.6354481656 0.6656596471 0.3085665233
Se2 0.6354481656 0.6656596471 0.4016457868
W 0.6344411163 0.6978852276 0.3551061551
Se1 0.6656596474 0.6988922770 0.3085665233
Se2 0.6656596474 0.6988922770 0.4016457868
W 0.6646525980 0.7311178575 0.3551061551
Se1 0.6958711291 0.7321249069 0.3085665233
Se2 0.6958711291 0.7321249069 0.4016457868
W 0.6948640797 0.7643504874 0.3551061551
Se1 0.7260826108 0.7653575368 0.3085665233
Se2 0.7260826108 0.7653575368 0.4016457868
W 0.7250755615 0.7975831173 0.3551061551
Se1 0.7562940925 0.7985901667 0.3085665233
Se2 0.7562940925 0.7985901667 0.4016457868
W 0.7552870432 0.8308157472 0.3551061551
Se1 0.7865055743 0.8318227966 0.3085665233
Se2 0.7865055743 0.8318227966 0.4016457868
W 0.7854985249 0.8640483771 0.3551061551
Se1 0.8167170560 0.8650554265 0.3085665233
Se2 0.8167170560 0.8650554265 0.4016457868
W 0.8157100066 0.8972810070 0.3551061551
Se1 0.8469285377 0.8982880563 0.3085665233
Se2 0.8469285377 0.8982880563 0.4016457868
W 0.8459214884 0.9305136368 0.3551061551
Se1 0.8771400195 0.9315206862 0.3085665233
Se2 0.8771400195 0.9315206862 0.4016457868
W 0.8761329701 0.9637462667 0.3551061551
Se1 0.9073515012 0.9647533161 0.3085665233
Se2 0.9073515012 0.9647533161 0.4016457868
W 0.9063444518 0.9969788966 0.3551061551
Se1 0.9375629829 0.9979859460 0.3085665233
Se2 0.9375629829 0.9979859460 0.4016457868
W 0.9365559335 1.0302115265 0.3551061551
W 0.1540785568 0.0694864079 0.3551061551
Se1 0.1852970879 0.0704934573 0.3085665233
Se2 0.1852970879 0.0704934573 0.4016457868
W 0.1842900385 0.1027190378 0.3551061551
Se1 0.2155085696 0.1037260872 0.3085665233
Se2 0.2155085696 0.1037260872 0.4016457868
W 0.2145015203 0.1359516677 0.3551061551
Se1 0.2457200514 0.1369587171 0.3085665233
Se2 0.2457200514 0.1369587171 0.4016457868
W 0.2447130020 0.1691842976 0.3551061551
Se1 0.2759315331 0.1701913470 0.3085665233
Se2 0.2759315331 0.1701913470 0.4016457868
W 0.2749244837 0.2024169275 0.3551061551
Se1 0.3061430148 0.2034239769 0.3085665233
Se2 0.3061430148 0.2034239769 0.4016457868
W 0.3051359655 0.2356495574 0.3551061551
Se1 0.3363544966 0.2366566067 0.3085665233
Se2 0.3363544966 0.2366566067 0.4016457868
W 0.3353474472 0.2688821872 0.3551061551
Se1 0.3665659783 0.2698892366 0.3085665233
Se2 0.3665659783 0.2698892366 0.4016457868
W 0.3655589289 0.3021148171 0.3551061551
Se1 0.3967774600 0.3031218665 0.3085665233
Se2 0.3967774600 0.3031218665 0.4016457868
W 0.3957704106 0.3353474470 0.3551061551
Se1 0.4269889417 0.3363544964 0.3085665233
Se2 0.4269889417 0.3363544964 0.4016457868
W 0.4259818924 0.3685800769 0.3551061551
Se1 0.4572004235 0.3695871263 0.3085665233
Se2 0.4572004235 0.3695871263 0.4016457868
W 0.4561933741 0.4018127068 0.3551061551
Se1 0.4874119052 0.4028197562 0.3085665233
Se2 0.4874119052 0.4028197562 0.4016457868
W 0.4864048558 0.4350453367 0.3551061551
Se1 0.5176233869 0.4360523861 0.3085665233
Se2 0.5176233869 0.4360523861 0.4016457868
W 0.5166163375 0.4682779666 0.3551061551
Se1 0.5478348686 0.4692850160 0.3085665233
Se2 0.5478348686 0.4692850160 0.4016457868
W 0.5468278193 0.5015105965 0.3551061551
Se1 0.5780463504 0.5025176458 0.3085665233
Se2 0.5780463504 0.5025176458 0.4016457868
W 0.5770393010 0.5347432263 0.3551061551
Se1 0.6082578321 0.5357502757 0.3085665233
Se2 0.6082578321 0.5357502757 0.4016457868
W 0.6072507827 0.5679758562 0.3551061551
Se1 0.6384693138 0.5689829056 0.3085665233
Se2 0.6384693138 0.5689829056 0.4016457868
W 0.6374622645 0.6012084861 0.3551061551
Se1 0.6686807955 0.6022155355 0.3085665233
Se2 0.6686807955 0.6022155355 0.4016457868
W 0.6676737462 0.6344411160 0.3551061551
Se1 0.6988922773 0.6354481654 0.3085665233
Se2 0.6988922773 0.6354481654 0.4016457868
W 0.6978852279 0.6676737459 0.3551061551
Se1 0.7291037590 0.6686807953 0.3085665233
Se2 0.7291037590 0.6686807953 0.4016457868
W 0.7280967096 0.7009063758 0.3551061551
Se1 0.7593152407 0.7019134252 0.3085665233
Se2 0.7593152407 0.7019134252 0.4016457868
W 0.7583081914 0.7341390057 0.3551061551
Se1 0.7895267225 0.7351460550 0.3085665233
Se2 0.7895267225 0.7351460550 0.4016457868
W 0.7885196731 0.7673716356 0.3551061551
Se1 0.8197382042 0.7683786849 0.3085665233
Se2 0.8197382042 0.7683786849 0.4016457868
W 0.8187311548 0.8006042654 0.3551061551
Se1 0.8499496859 0.8016113148 0.3085665233
Se2 0.8499496859 0.8016113148 0.4016457868
W 0.8489426365 0.8338368953 0.3551061551
Se1 0.8801611676 0.8348439447 0.3085665233
Se2 0.8801611676 0.8348439447 0.4016457868
W 0.8791541183 0.8670695252 0.3551061551
Se1 0.9103726494 0.8680765746 0.3085665233
Se2 0.9103726494 0.8680765746 0.4016457868
W 0.9093656000 0.9003021551 0.3551061551
Se1 0.9405841311 0.9013092045 0.3085665233
Se2 0.9405841311 0.9013092045 0.4016457868
W 0.9395770817 0.9335347850 0.3551061551
W 0.2477341502 0.0725075561 0.3551061551
Se1 0.2789526813 0.0735146054 0.3085665233
Se2 0.2789526813 0.0735146054 0.4016457868
W 0.2779456319 0.1057401860 0.3551061551
Se1 0.3091641630 0.1067472353 0.3085665233
Se2 0.3091641630 0.1067472353 0.4016457868
W 0.3081571136 0.1389728158 0.3551061551
Se1 0.3393756447 0.1399798652 0.3085665233
Se2 0.3393756447 0.1399798652 0.4016457868
W 0.3383685954 0.1722054457 0.3551061551
Se1 0.3695871265 0.1732124951 0.3085665233
Se2 0.3695871265 0.1732124951 0.4016457868
W 0.3685800771 0.2054380756 0.3551061551
Se1 0.3997986082 0.2064451250 0.3085665233
Se2 0.3997986082 0.2064451250 0.4016457868
W 0.3987915588 0.2386707055 0.3551061551
Se1 0.4300100899 0.2396777549 0.3085665233
Se2 0.4300100899 0.2396777549 0.4016457868
W 0.4290030406 0.2719033354 0.3551061551
Se1 0.4602215716 0.2729103848 0.3085665233
Se2 0.4602215716 0.2729103848 0.4016457868
W 0.4592145223 0.3051359653 0.3551061551
Se1 0.4904330534 0.3061430147 0.3085665233
Se2 0.4904330534 0.3061430147 0.4016457868
W 0.4894260040 0.3383685952 0.3551061551
Se1 0.5206445351 0.3393756445 0.3085665233
Se2 0.5206445351 0.3393756445 0.4016457868
W 0.5196374857 0.3716012251 0.3551061551
Se1 0.5508560168 0.3726082744 0.3085665233
Se2 0.5508560168 0.3726082744 0.4016457868
W 0.5498489675 0.4048338549 0.3551061551
Se1 0.5810674986 0.4058409043 0.3085665233
Se2 0.5810674986 0.4058409043 0.4016457868
W 0.5800604492 0.4380664848 0.3551061551
Se1 0.6112789803 0.4390735342 0.3085665233
Se2 0.6112789803 0.4390735342 0.4016457868
W 0.6102719309 0.4712991147 0.3551061551
Se1 0.6414904620 0.4723061641 0.3085665233
Se2 0.6414904620 0.4723061641 0.4016457868
W 0.6404834126 0.5045317446 0.3551061551
Se1 0.6717019437 0.5055387940 0.3085665233
Se2 0.6717019437 0.5055387940 0.4016457868
W 0.6706948944 0.5377643745 0.3551061551
Se1 0.7019134255 0.5387714239 0.3085665233
Se2 0.7019134255 0.5387714239 0.4016457868
W 0.7009063761 0.5709970044 0.3551061551
Se1 0.7321249072 0.5720040538 0.3085665233
Se2 0.7321249072 0.5720040538 0.4016457868
W 0.7311178578 0.6042296343 0.3551061551
Se1 0.7623363889 0.6052366836 0.3085665233
Se2 0.7623363889 0.6052366836 0.4016457868
W 0.7613293396 0.6374622642 0.3551061551
Se1 0.7925478706 0.6384693135 0.3085665233
Se2 0.7925478706 0.6384693135 0.4016457868
W 0.7915408213 0.6706948940 0.3551061551
Se1 0.8227593524 0.6717019434 0.3085665233
Se2 0.8227593524 0.6717019434 0.4016457868
W 0.8217523030 0.7039275239 0.3551061551
Se1 0.8529708341 0.7049345733 0.3085665233
Se2 0.8529708341 0.7049345733 0.4016457868
W 0.8519637847 0.7371601538 0.3551061551
Se1 0.8831823158 0.7381672032 0.3085665233
Se2 0.8831823158 0.7381672032 0.4016457868
W 0.8821752665 0.7703927837 0.3551061551
Se1 0.9133937976 0.7713998331 0.3085665233
Se2 0.9133937976 0.7713998331 0.4016457868
W 0.9123867482 0.8036254136 0.3551061551
Se1 0.9436052793 0.8046324630 0.3085665233
Se2 0.9436052793 0.8046324630 0.4016457868
W 0.9425982299 0.8368580435 0.3551061551
W 0.3413897436 0.0755287042 0.3551061551
Se1 0.3726082747 0.0765357536 0.3085665233
Se2 0.3726082747 0.0765357536 0.4016457868
W 0.3716012253 0.1087613341 0.3551061551
Se1 0.4028197564 0.1097683835 0.3085665233
Se2 0.4028197564 0.1097683835 0.4016457868
W 0.4018127070 0.1419939640 0.3551061551
Se1 0.4330312381 0.1430010134 0.3085665233
Se2 0.4330312381 0.1430010134 0.4016457868
W 0.4320241887 0.1752265939 0.3551061551
Se1 0.4632427198 0.1762336433 0.3085665233
Se2 0.4632427198 0.1762336433 0.4016457868
W 0.4622356705 0.2084592238 0.3551061551
Se1 0.4934542016 0.2094662731 0.3085665233
Se2 0.4934542016 0.2094662731 0.4016457868
W 0.4924471522 0.2416918537 0.3551061551
Se1 0.5236656833 0.2426989030 0.3085665233
Se2 0.5236656833 0.2426989030 0.4016457868
W 0.5226586339 0.2749244835 0.3551061551
Se1 0.5538771650 0.2759315329 0.3085665233
Se2 0.5538771650 0.2759315329 0.4016457868
W 0.5528701156 0.3081571134 0.3551061551
Se1 0.5840886467 0.3091641628 0.3085665233
Se2 0.5840886467 0.3091641628 0.4016457868
W 0.5830815974 0.3413897433 0.3551061551
Se1 0.6143001285 0.3423967927 0.3085665233
Se2 0.6143001285 0.3423967927 0.4016457868
W 0.6132930791 0.3746223732 0.3551061551
Se1 0.6445116102 0.3756294226 0.3085665233
Se2 0.6445116102 0.3756294226 0.4016457868
W 0.6435045608 0.4078550031 0.3551061551
Se1 0.6747230919 0.4088620525 0.3085665233
Se2 0.6747230919 0.4088620525 0.4016457868
W 0.6737160426 0.4410876330 0.3551061551
Se1 0.7049345736 0.4420946824 0.3085665233
Se2 0.7049345736 0.4420946824 0.4016457868
W 0.7039275243 0.4743202629 0.3551061551
Se1 0.7351460554 0.4753273122 0.3085665233
Se2 0.7351460554 0.4753273122 0.4016457868
W 0.7341390060 0.5075528927 0.3551061551
Se1 0.7653575371 0.5085599421 0.3085665233
Se2 0.7653575371 0.5085599421 0.4016457868
W 0.7643504877 0.5407855226 0.3551061551
Se1 0.7955690188 0.5417925720 0.3085665233
Se2 0.7955690188 0.5417925720 0.4016457868
W 0.7945619695 0.5740181525 0.3551061551
Se1 0.8257805006 0.5750252019 0.3085665233
Se2 0.8257805006 0.5750252019 0.4016457868
W 0.8247734512 0.6072507824 0.3551061551
Se1 0.8559919823 0.6082578318 0.3085665233
Se2 0.8559919823 0.6082578318 0.4016457868
W 0.8549849329 0.6404834123 0.3551061551
Se1 0.8862034640 0.6414904617 0.3085665233
Se2 0.8862034640 0.6414904617 0.4016457868
W 0.8851964146 0.6737160422 0.3551061551
Se1 0.9164149457 0.6747230916 0.3085665233
Se2 0.9164149457 0.6747230916 0.4016457868
W 0.9154078964 0.7069486721 0.3551061551
W 0.4350453369 0.0785498524 0.3551061551
Se1 0.4662638680 0.0795569017 0.3085665233
Se2 0.4662638680 0.0795569017 0.4016457868
W 0.4652568187 0.1117824822 0.3551061551
Se1 0.4964753497 0.1127895316 0.3085665233
Se2 0.4964753497 0.1127895316 0.4016457868
W 0.4954683004 0.1450151121 0.3551061551
Se1 0.5266868315 0.1460221615 0.3085665233
Se2 0.5266868315 0.1460221615 0.4016457868
W 0.5256797821 0.1782477420 0.3551061551
Se1 0.5568983132 0.1792547914 0.3085665233
Se2 0.5568983132 0.1792547914 0.4016457868
W 0.5558912638 0.2114803719 0.3551061551
Se1 0.5871097949 0.2124874213 0.3085665233
Se2 0.5871097949 0.2124874213 0.4016457868
W 0.5861027456 0.2447130018 0.3551061551
Se1 0.6173212767 0.2457200512 0.3085665233
Se2 0.6173212767 0.2457200512 0.4016457868
W 0.6163142273 0.2779456317 0.3551061551
Se1 0.6475327584 0.2789526811 0.3085665233
Se2 0.6475327584 0.2789526811 0.4016457868
W 0.6465257090 0.3111782616 0.3551061551
Se1 0.6777442401 0.3121853110 0.3085665233
Se2 0.6777442401 0.3121853110 0.4016457868
W 0.6767371907 0.3444108915 0.3551061551
Se1 0.7079557218 0.3454179408 0.3085665233
Se2 0.7079557218 0.3454179408 0.4016457868
W 0.7069486725 0.3776435213 0.3551061551
Se1 0.7381672036 0.3786505707 0.3085665233
Se2 0.7381672036 0.3786505707 0.4016457868
W 0.7371601542 0.4108761512 0.3551061551
Se1 0.7683786853 0.4118832006 0.3085665233
Se2 0.7683786853 0.4118832006 0.4016457868
W 0.7673716359 0.4441087811 0.3551061551
Se1 0.7985901670 0.4451158305 0.3085665233
Se2 0.7985901670 0.4451158305 0.4016457868
W 0.7975831177 0.4773414110 0.3551061551
Se1 0.8288016487 0.4783484604 0.3085665233
Se2 0.8288016487 0.4783484604 0.4016457868
W 0.8277945994 0.5105740409 0.3551061551
Se1 0.8590131305 0.5115810903 0.3085665233
Se2 0.8590131305 0.5115810903 0.4016457868
W 0.8580060811 0.5438066708 0.3551061551
Se1 0.8892246122 0.5448137202 0.3085665233
Se2 0.8892246122 0.5448137202 0.4016457868
W 0.8882175628 0.5770393007 0.3551061551
Se1 0.9194360939 0.5780463501 0.3085665233
Se2 0.9194360939 0.5780463501 0.4016457868
W 0.9184290446 0.6102719306 0.3551061551
W 0.5287009303 0.0815710005 0.3551061551
Se1 0.5599194614 0.0825780499 0.3085665233
Se2 0.5599194614 0.0825780499 0.4016457868
W 0.5589124120 0.1148036304 0.3551061551
Se1 0.5901309431 0.1158106798 0.3085665233
Se2 0.5901309431 0.1158106798 0.4016457868
W 0.5891238937 0.1480362603 0.3551061551
Se1 0.6203424248 0.1490433097 0.3085665233
Se2 0.6203424248 0.1490433097 0.4016457868
W 0.6193353755 0.1812688902 0.3551061551
Se1 0.6505539066 0.1822759395 0.3085665233
Se2 0.6505539066 0.1822759395 0.4016457868
W 0.6495468572 0.2145015201 0.3551061551
Se1 0.6807653883 0.2155085694 0.3085665233
Se2 0.6807653883 0.2155085694 0.4016457868
W 0.6797583389 0.2477341499 0.3551061551
Se1 0.7109768700 0.2487411993 0.3085665233
Se2 0.7109768700 0.2487411993 0.4016457868
W 0.7099698207 0.2809667798 0.3551061551
Se1 0.7411883518 0.2819738292 0.3085665233
Se2 0.7411883518 0.2819738292 0.4016457868
W 0.7401813024 0.3141994097 0.3551061551
Se1 0.7713998335 0.3152064591 0.3085665233
Se2 0.7713998335 0.3152064591 0.4016457868
W 0.7703927841 0.3474320396 0.3551061551
Se1 0.8016113152 0.3484390890 0.3085665233
Se2 0.8016113152 0.3484390890 0.4016457868
W 0.8006042658 0.3806646695 0.3551061551
Se1 0.8318227969 0.3816717189 0.3085665233
Se2 0.8318227969 0.3816717189 0.4016457868
W 0.8308157476 0.4138972994 0.3551061551
Se1 0.8620342787 0.4149043488 0.3085665233
Se2 0.8620342787 0.4149043488 0.4016457868
W 0.8610272293 0.4471299293 0.3551061551
Se1 0.8922457604 0.4481369786 0.3085665233
Se2 0.8922457604 0.4481369786 0.4016457868
W 0.8912387110 0.4803625592 0.3551061551
Se1 0.9224572421 0.4813696085 0.3085665233
Se2 0.9224572421 0.4813696085 0.4016457868
W 0.9214501927 0.5135951890 0.3551061551
W 0.6223565237 0.0845921487 0.3551061551
Se1 0.6535750548 0.0855991980 0.3085665233
Se2 0.6535750548 0.0855991980 0.4016457868
W 0.6525680054 0.1178247785 0.3551061551
Se1 0.6837865365 0.1188318279 0.3085665233
Se2 0.6837865365 0.1188318279 0.4016457868
W 0.6827794871 0.1510574084 0.3551061551
Se1 0.7139980182 0.1520644578 0.3085665233
Se2 0.7139980182 0.1520644578 0.4016457868
W 0.7129909688 0.1842900383 0.3551061551
Se1 0.7442094999 0.1852970877 0.3085665233
Se2 0.7442094999 0.1852970877 0.4016457868
W 0.7432024506 0.2175226682 0.3551061551
Se1 0.7744209817 0.2185297176 0.3085665233
Se2 0.7744209817 0.2185297176 0.4016457868
W 0.7734139323 0.2507552981 0.3551061551
Se1 0.8046324634 0.2517623475 0.3085665233
Se2 0.8046324634 0.2517623475 0.4016457868
W 0.8036254140 0.2839879280 0.3551061551
Se1 0.8348439451 0.2849949774 0.3085665233
Se2 0.8348439451 0.2849949774 0.4016457868
W 0.8338368958 0.3172205579 0.3551061551
Se1 0.8650554268 0.3182276072 0.3085665233
Se2 0.8650554268 0.3182276072 0.4016457868
W 0.8640483775 0.3504531878 0.3551061551
Se1 0.8952669086 0.3514602371 0.3085665233
Se2 0.8952669086 0.3514602371 0.4016457868
W 0.8942598592 0.3836858176 0.3551061551
Se1 0.9254783903 0.3846928670 0.3085665233
Se2 0.9254783903 0.3846928670 0.4016457868
W 0.9244713409 0.4169184475 0.3551061551
Se1 0.7170191664 0.0553877163 0.3085665233
Se2 0.7170191664 0.0553877163 0.4016457868
W 0.7160121170 0.0876132968 0.3551061551
Se1 0.7472306481 0.0886203462 0.3085665233
Se2 0.7472306481 0.0886203462 0.4016457868
W 0.7462235988 0.1208459267 0.3551061551
Se1 0.7774421299 0.1218529761 0.3085665233
Se2 0.7774421299 0.1218529761 0.4016457868
W 0.7764350805 0.1540785566 0.3551061551
Se1 0.8076536116 0.1550856060 0.3085665233
Se2 0.8076536116 0.1550856060 0.4016457868
W 0.8066465622 0.1873111865 0.3551061551
Se1 0.8378650933 0.1883182358 0.3085665233
Se2 0.8378650933 0.1883182358 0.4016457868
W 0.8368580439 0.2205438163 0.3551061551
Se1 0.8680765750 0.2215508657 0.3085665233
Se2 0.8680765750 0.2215508657 0.4016457868
W 0.8670695257 0.2537764462 0.3551061551
Se1 0.8982880568 0.2547834956 0.3085665233
Se2 0.8982880568 0.2547834956 0.4016457868
W 0.8972810074 0.2870090761 0.3551061551
Se1 0.9284995385 0.2880161255 0.3085665233
Se2 0.9284995385 0.2880161255 0.4016457868
W 0.9274924891 0.3202417060 0.3551061551
W 0.7794562287 0.0574018151 0.3551061551
Se1 0.8106747598 0.0584088644 0.3085665233
Se2 0.8106747598 0.0584088644 0.4016457868
W 0.8096677104 0.0906344449 0.3551061551
Se1 0.8408862415 0.0916414943 0.3085665233
Se2 0.8408862415 0.0916414943 0.4016457868
W 0.8398791921 0.1238670748 0.3551061551
Se1 0.8710977232 0.1248741242 0.3085665233
Se2 0.8710977232 0.1248741242 0.4016457868
W 0.8700906739 0.1570997047 0.3551061551
Se1 0.9013092049 0.1581067541 0.3085665233
Se2 0.9013092049 0.1581067541 0.4016457868
W 0.9003021556 0.1903323346 0.3551061551
Se1 0.9315206867 0.1913393840 0.3085665233
Se2 0.9315206867 0.1913393840 0.4016457868
W 0.9305136373 0.2235649645 0.3551061551
W 0.8731118220 0.0604229632 0.3551061551
Se1 0.9043303531 0.0614300126 0.3085665233
Se2 0.9043303531 0.0614300126 0.4016457868
W 0.9033233038 0.0936555931 0.3551061551
Se1 0.9345418349 0.0946626425 0.3085665233
Se2 0.9345418349 0.0946626425 0.4016457868
W 0.9335347855 0.1268882230 0.3551061551
