atom_id  atom_type  x	 y	 z	 e_x 	e_y 	e_z	 freq(cm-1)
1 1 1.660000 0.958500 4.562908 -0.40125 0.00000 0.00875 0.00000 -0.00000 0.00000  -0.001938
2 2 3.320000 1.916902 2.907563 -0.36401 0.00000 0.00794 0.00000 -0.00000 0.00000  -0.001938
3 3 3.320000 1.916902 6.218493 -0.36401 0.00000 0.00794 0.00000 -0.00000 0.00000  -0.001938
4 4 3.320000 1.916901 11.004308 -0.55544 0.00000 0.01212 0.00000 -0.00000 0.00000  -0.001938
5 5 1.660000 0.958500 9.359461 -0.36401 0.00000 0.00794 0.00000 -0.00000 0.00000  -0.001938
6 6 1.660000 0.958500 12.648698 -0.36401 0.00000 0.00794 0.00000 -0.00000 0.00000  -0.001938
1 1 1.660000 0.958500 4.562908 0.00875 -0.00000 0.40125 0.00000 0.00000 0.00000  -0.001938
2 2 3.320000 1.916902 2.907563 0.00794 0.00000 0.36401 0.00000 0.00000 0.00000  -0.001938
3 3 3.320000 1.916902 6.218493 0.00794 0.00000 0.36401 0.00000 0.00000 0.00000  -0.001938
4 4 3.320000 1.916901 11.004308 0.01212 0.00000 0.55544 0.00000 0.00000 0.00000  -0.001938
5 5 1.660000 0.958500 9.359461 0.00794 0.00000 0.36401 0.00000 0.00000 0.00000  -0.001938
6 6 1.660000 0.958500 12.648698 0.00794 0.00000 0.36401 0.00000 0.00000 0.00000  -0.001938
1 1 1.660000 0.958500 4.562908 -0.00000 0.00000 -0.00000 0.00000 0.40134 0.00000  -0.000481
2 2 3.320000 1.916902 2.907563 -0.00000 0.00000 -0.00000 0.00000 0.36410 0.00000  -0.000481
3 3 3.320000 1.916902 6.218493 -0.00000 0.00000 -0.00000 0.00000 0.36410 0.00000  -0.000481
4 4 3.320000 1.916901 11.004308 -0.00000 0.00000 -0.00000 0.00000 0.55557 0.00000  -0.000481
5 5 1.660000 0.958500 9.359461 -0.00000 0.00000 -0.00000 0.00000 0.36410 0.00000  -0.000481
6 6 1.660000 0.958500 12.648698 -0.00000 0.00000 -0.00000 0.00000 0.36410 0.00000  -0.000481
1 1 1.660000 0.958500 4.562908 -0.46451 0.00000 -0.04036 0.00000 0.00000 0.00000  16.851330
2 2 3.320000 1.916902 2.907563 -0.42590 0.00000 -0.03701 0.00000 0.00000 0.00000  16.851330
3 3 3.320000 1.916902 6.218493 -0.41512 0.00000 -0.03607 0.00000 0.00000 0.00000  16.851330
4 4 3.320000 1.916901 11.004308 0.47818 0.00000 0.04155 0.00000 -0.00000 0.00000  16.851330
5 5 1.660000 0.958500 9.359461 0.30674 0.00000 0.02665 0.00000 -0.00000 0.00000  16.851330
6 6 1.660000 0.958500 12.648698 0.31666 0.00000 0.02751 0.00000 -0.00000 0.00000  16.851330
1 1 1.660000 0.958500 4.562908 0.04036 0.00000 -0.46451 0.00000 0.00000 0.00000  16.851330
2 2 3.320000 1.916902 2.907563 0.03701 0.00000 -0.42590 0.00000 0.00000 0.00000  16.851330
3 3 3.320000 1.916902 6.218493 0.03607 0.00000 -0.41512 0.00000 0.00000 0.00000  16.851330
4 4 3.320000 1.916901 11.004308 -0.04155 0.00000 0.47818 0.00000 -0.00000 0.00000  16.851330
5 5 1.660000 0.958500 9.359461 -0.02665 0.00000 0.30674 0.00000 -0.00000 0.00000  16.851330
6 6 1.660000 0.958500 12.648698 -0.02751 0.00000 0.31666 0.00000 -0.00000 0.00000  16.851330
1 1 1.660000 0.958500 4.562908 -0.00000 0.00000 -0.00000 0.00000 -0.46762 0.00000  27.638280
2 2 3.320000 1.916902 2.907563 -0.00000 0.00000 -0.00000 0.00000 -0.42812 0.00000  27.638280
3 3 3.320000 1.916902 6.218493 -0.00000 0.00000 -0.00000 0.00000 -0.41453 0.00000  27.638280
4 4 3.320000 1.916901 11.004308 0.00000 0.00000 0.00000 0.00000 0.48130 0.00000  27.638280
5 5 1.660000 0.958500 9.359461 0.00000 0.00000 0.00000 0.00000 0.30615 0.00000  27.638280
6 6 1.660000 0.958500 12.648698 0.00000 0.00000 0.00000 0.00000 0.31755 0.00000  27.638280
1 1 1.660000 0.958500 4.562908 -0.00478 0.00000 -0.00002 0.00000 0.00000 0.00000  167.214478
2 2 3.320000 1.916902 2.907563 0.70263 0.00000 0.00298 0.00000 0.00000 0.00000  167.214478
3 3 3.320000 1.916902 6.218493 -0.70694 0.00000 -0.00300 0.00000 0.00000 0.00000  167.214478
4 4 3.320000 1.916901 11.004308 0.00562 0.00000 0.00002 0.00000 -0.00000 0.00000  167.214478
5 5 1.660000 0.958500 9.359461 -0.05645 0.00000 -0.00024 0.00000 0.00000 0.00000  167.214478
6 6 1.660000 0.958500 12.648698 0.05744 0.00000 0.00024 0.00000 0.00000 0.00000  167.214478
1 1 1.660000 0.958500 4.562908 0.00002 0.00000 -0.00478 0.00000 -0.00000 0.00000  167.214478
2 2 3.320000 1.916902 2.907563 -0.00298 0.00000 0.70263 0.00000 -0.00000 0.00000  167.214478
3 3 3.320000 1.916902 6.218493 0.00300 0.00000 -0.70694 0.00000 -0.00000 0.00000  167.214478
4 4 3.320000 1.916901 11.004308 -0.00002 0.00000 0.00562 0.00000 -0.00000 0.00000  167.214478
5 5 1.660000 0.958500 9.359461 0.00024 0.00000 -0.05645 0.00000 -0.00000 0.00000  167.214478
6 6 1.660000 0.958500 12.648698 -0.00024 0.00000 0.05744 0.00000 -0.00000 0.00000  167.214478
1 1 1.660000 0.958500 4.562908 -0.00000 0.00000 0.00526 0.00000 -0.00000 0.00000  174.402346
2 2 3.320000 1.916902 2.907563 0.00000 0.00000 -0.05462 0.00000 -0.00000 0.00000  174.402346
3 3 3.320000 1.916902 6.218493 -0.00000 0.00000 0.05917 0.00000 -0.00000 0.00000  174.402346
4 4 3.320000 1.916901 11.004308 0.00000 0.00000 -0.00654 0.00000 0.00000 0.00000  174.402346
5 5 1.660000 0.958500 9.359461 0.00004 0.00000 -0.70497 0.00000 0.00000 0.00000  174.402346
6 6 1.660000 0.958500 12.648698 -0.00004 0.00000 0.70460 0.00000 0.00000 0.00000  174.402346
1 1 1.660000 0.958500 4.562908 -0.00526 0.00000 -0.00000 0.00000 0.00000 0.00000  174.402346
2 2 3.320000 1.916902 2.907563 0.05462 0.00000 0.00000 0.00000 -0.00000 0.00000  174.402346
3 3 3.320000 1.916902 6.218493 -0.05917 0.00000 -0.00000 0.00000 0.00000 0.00000  174.402346
4 4 3.320000 1.916901 11.004308 0.00654 0.00000 0.00000 0.00000 0.00000 0.00000  174.402346
5 5 1.660000 0.958500 9.359461 0.70497 0.00000 0.00004 0.00000 -0.00000 0.00000  174.402346
6 6 1.660000 0.958500 12.648698 -0.70460 0.00000 -0.00004 0.00000 0.00000 0.00000  174.402346
1 1 1.660000 0.958500 4.562908 0.00005 0.00000 0.00535 0.00000 0.00000 0.00000  257.689817
2 2 3.320000 1.916902 2.907563 -0.00004 0.00000 -0.00428 0.00000 0.00000 0.00000  257.689817
3 3 3.320000 1.916902 6.218493 0.00001 0.00000 0.00083 0.00000 -0.00000 0.00000  257.689817
4 4 3.320000 1.916901 11.004308 0.00620 0.00000 0.67885 0.00000 0.00000 0.00000  257.689817
5 5 1.660000 0.958500 9.359461 -0.00477 0.00000 -0.52194 0.00000 0.00000 0.00000  257.689817
6 6 1.660000 0.958500 12.648698 -0.00472 0.00000 -0.51635 0.00000 0.00000 0.00000  257.689817
1 1 1.660000 0.958500 4.562908 0.00535 0.00000 -0.00005 0.00000 0.00000 0.00000  257.689817
2 2 3.320000 1.916902 2.907563 -0.00428 0.00000 0.00004 0.00000 -0.00000 0.00000  257.689817
3 3 3.320000 1.916902 6.218493 0.00083 0.00000 -0.00001 0.00000 -0.00000 0.00000  257.689817
4 4 3.320000 1.916901 11.004308 0.67885 0.00000 -0.00620 0.00000 -0.00000 0.00000  257.689817
5 5 1.660000 0.958500 9.359461 -0.52194 0.00000 0.00477 0.00000 0.00000 0.00000  257.689817
6 6 1.660000 0.958500 12.648698 -0.51635 0.00000 0.00472 0.00000 0.00000 0.00000  257.689817
1 1 1.660000 0.958500 4.562908 -0.00000 0.00000 -0.00000 0.00000 0.00758 0.00000  273.908731
2 2 3.320000 1.916902 2.907563 -0.00000 0.00000 0.00000 0.00000 -0.70405 0.00000  273.908731
3 3 3.320000 1.916902 6.218493 0.00000 0.00000 0.00000 0.00000 0.70809 0.00000  273.908731
4 4 3.320000 1.916901 11.004308 0.00000 0.00000 0.00000 0.00000 -0.00988 0.00000  273.908731
5 5 1.660000 0.958500 9.359461 0.00000 0.00000 -0.00000 0.00000 0.03847 0.00000  273.908731
6 6 1.660000 0.958500 12.648698 -0.00000 0.00000 -0.00000 0.00000 -0.03580 0.00000  273.908731
1 1 1.660000 0.958500 4.562908 0.78830 0.00000 -0.00476 0.00000 -0.00000 0.00000  293.149004
2 2 3.320000 1.916902 2.907563 -0.43356 0.00000 0.00262 0.00000 -0.00000 0.00000  293.149004
3 3 3.320000 1.916902 6.218493 -0.43650 0.00000 0.00264 0.00000 0.00000 0.00000  293.149004
4 4 3.320000 1.916901 11.004308 -0.00349 0.00000 0.00002 0.00000 0.00000 0.00000  293.149004
5 5 1.660000 0.958500 9.359461 0.00465 0.00000 -0.00003 0.00000 0.00000 0.00000  293.149004
6 6 1.660000 0.958500 12.648698 0.00178 0.00000 -0.00001 0.00000 -0.00000 0.00000  293.149004
1 1 1.660000 0.958500 4.562908 -0.00476 0.00000 -0.78830 0.00000 0.00000 0.00000  293.149004
2 2 3.320000 1.916902 2.907563 0.00262 0.00000 0.43356 0.00000 0.00000 0.00000  293.149004
3 3 3.320000 1.916902 6.218493 0.00264 0.00000 0.43650 0.00000 -0.00000 0.00000  293.149004
4 4 3.320000 1.916901 11.004308 0.00002 0.00000 0.00349 0.00000 0.00000 0.00000  293.149004
5 5 1.660000 0.958500 9.359461 -0.00003 0.00000 -0.00465 0.00000 -0.00000 0.00000  293.149004
6 6 1.660000 0.958500 12.648698 -0.00001 0.00000 -0.00178 0.00000 0.00000 0.00000  293.149004
1 1 1.660000 0.958500 4.562908 -0.00000 0.00000 -0.00000 0.00000 -0.00849 0.00000  296.612887
2 2 3.320000 1.916902 2.907563 0.00000 0.00000 0.00000 0.00000 0.03591 0.00000  296.612887
3 3 3.320000 1.916902 6.218493 -0.00000 0.00000 0.00000 0.00000 -0.03809 0.00000  296.612887
4 4 3.320000 1.916901 11.004308 -0.00000 0.00000 -0.00000 0.00000 0.01128 0.00000  296.612887
5 5 1.660000 0.958500 9.359461 0.00000 0.00000 0.00000 0.00000 0.70323 0.00000  296.612887
6 6 1.660000 0.958500 12.648698 -0.00000 0.00000 0.00000 0.00000 -0.70890 0.00000  296.612887
1 1 1.660000 0.958500 4.562908 -0.00000 0.00000 -0.00000 0.00000 -0.01003 0.00000  364.197305
2 2 3.320000 1.916902 2.907563 -0.00000 0.00000 0.00000 0.00000 0.00897 0.00000  364.197305
3 3 3.320000 1.916902 6.218493 0.00000 0.00000 0.00000 0.00000 -0.00314 0.00000  364.197305
4 4 3.320000 1.916901 11.004308 -0.00000 0.00000 0.00000 0.00000 -0.67782 0.00000  364.197305
5 5 1.660000 0.958500 9.359461 0.00000 0.00000 -0.00000 0.00000 0.52687 0.00000  364.197305
6 6 1.660000 0.958500 12.648698 0.00000 0.00000 -0.00000 0.00000 0.51262 0.00000  364.197305
1 1 1.660000 0.958500 4.562908 -0.00000 0.00000 -0.00000 0.00000 -0.78742 0.00000  403.806466
2 2 3.320000 1.916902 2.907563 0.00000 0.00000 -0.00000 0.00000 0.43254 0.00000  403.806466
3 3 3.320000 1.916902 6.218493 0.00000 0.00000 0.00000 0.00000 0.43902 0.00000  403.806466
4 4 3.320000 1.916901 11.004308 0.00000 0.00000 -0.00000 0.00000 0.00576 0.00000  403.806466
5 5 1.660000 0.958500 9.359461 -0.00000 0.00000 0.00000 0.00000 -0.01016 0.00000  403.806466
6 6 1.660000 0.958500 12.648698 -0.00000 0.00000 0.00000 0.00000 -0.00223 0.00000  403.806466
